date,astronomical_twilight_begin,nautical_twilight_begin,civil_twilight_begin,sunrise,sunset,civil_twilight_end,nautical_twilight_end,astronomical_twilight_end
2035-12-31,06:44,07:24,08:07,08:45,16:43,17:21,18:04,18:45
2035-12-30,06:43,07:24,08:07,08:45,16:42,17:20,18:03,18:44
2035-12-29,06:43,07:24,08:07,08:45,16:41,17:19,18:03,18:43
2035-12-28,06:43,07:24,08:07,08:45,16:40,17:19,18:02,18:43
2035-12-27,06:43,07:24,08:07,08:45,16:40,17:18,18:01,18:42
2035-12-26,06:42,07:23,08:07,08:45,16:39,17:17,18:00,18:41
2035-12-25,06:42,07:23,08:06,08:44,16:38,17:16,18:00,18:41
2035-12-24,06:42,07:23,08:06,08:44,16:38,17:16,17:59,18:40
2035-12-23,06:41,07:22,08:05,08:44,16:37,17:15,17:58,18:39
2035-12-22,06:41,07:22,08:05,08:43,16:36,17:15,17:58,18:39
2035-12-21,06:40,07:21,08:05,08:43,16:36,17:14,17:57,18:38
2035-12-20,06:40,07:21,08:04,08:42,16:35,17:14,17:57,18:38
2035-12-19,06:39,07:20,08:03,08:42,16:35,17:13,17:57,18:37
2035-12-18,06:39,07:20,08:03,08:41,16:35,17:13,17:56,18:37
2035-12-17,06:38,07:19,08:02,08:40,16:35,17:13,17:56,18:37
2035-12-16,06:37,07:18,08:01,08:39,16:34,17:12,17:56,18:36
2035-12-15,06:37,07:17,08:01,08:39,16:34,17:12,17:55,18:36
2035-12-14,06:36,07:17,08:00,08:38,16:34,17:12,17:55,18:36
2035-12-13,06:35,07:16,07:59,08:37,16:34,17:12,17:55,18:36
2035-12-12,06:34,07:15,07:58,08:36,16:34,17:12,17:55,18:36
2035-12-11,06:33,07:14,07:57,08:35,16:34,17:12,17:55,18:36
2035-12-10,06:32,07:13,07:56,08:34,16:34,17:12,17:55,18:36
2035-12-09,06:32,07:12,07:55,08:33,16:34,17:12,17:55,18:36
2035-12-08,06:31,07:11,07:54,08:32,16:35,17:12,17:55,18:36
2035-12-07,06:30,07:10,07:53,08:31,16:35,17:12,17:55,18:36
2035-12-06,06:29,07:09,07:52,08:29,16:35,17:13,17:55,18:36
2035-12-05,06:28,07:08,07:51,08:28,16:36,17:13,17:56,18:36
2035-12-04,06:27,07:07,07:50,08:27,16:36,17:13,17:56,18:36
2035-12-03,06:25,07:06,07:48,08:26,16:37,17:14,17:56,18:37
2035-12-02,06:24,07:05,07:47,08:24,16:37,17:14,17:57,18:37
2035-12-01,06:23,07:03,07:46,08:23,16:38,17:15,17:57,18:37
2035-11-30,06:22,07:02,07:45,08:21,16:39,17:15,17:58,18:38
2035-11-29,06:21,07:01,07:43,08:20,16:39,17:16,17:58,18:38
2035-11-28,06:20,07:00,07:42,08:18,16:40,17:17,17:59,18:39
2035-11-27,06:18,06:59,07:40,08:17,16:41,17:17,17:59,18:39
2035-11-26,06:17,06:57,07:39,08:15,16:42,17:18,18:00,18:40
2035-11-25,06:16,06:56,07:38,08:14,16:43,17:19,18:01,18:41
2035-11-24,06:15,06:55,07:36,08:12,16:44,17:20,18:01,18:41
2035-11-23,06:13,06:53,07:35,08:11,16:45,17:21,18:02,18:42
2035-11-22,06:12,06:52,07:33,08:09,16:46,17:22,18:03,18:43
2035-11-21,06:11,06:50,07:32,08:08,16:47,17:23,18:04,18:44
2035-11-20,06:09,06:49,07:30,08:06,16:48,17:24,18:05,18:45
2035-11-19,06:08,06:48,07:29,08:04,16:49,17:25,18:06,18:45
2035-11-18,06:07,06:46,07:27,08:03,16:50,17:26,18:07,18:46
2035-11-17,06:05,06:45,07:26,08:01,16:52,17:27,18:08,18:47
2035-11-16,06:04,06:43,07:24,07:59,16:53,17:28,18:09,18:48
2035-11-15,06:02,06:42,07:23,07:58,16:54,17:29,18:10,18:49
2035-11-14,06:01,06:40,07:21,07:56,16:56,17:31,18:11,18:51
2035-11-13,06:00,06:39,07:19,07:54,16:57,17:32,18:12,18:52
2035-11-12,05:58,06:37,07:18,07:52,16:59,17:33,18:14,18:53
2035-11-11,05:57,06:36,07:16,07:51,17:00,17:35,18:15,18:54
2035-11-10,05:55,06:34,07:15,07:49,17:02,17:36,18:16,18:55
2035-11-09,05:54,06:33,07:13,07:47,17:03,17:37,18:18,18:57
2035-11-08,05:52,06:31,07:11,07:45,17:05,17:39,18:19,18:58
2035-11-07,05:51,06:30,07:10,07:44,17:06,17:40,18:20,18:59
2035-11-06,05:49,06:28,07:08,07:42,17:08,17:42,18:22,19:01
2035-11-05,05:48,06:27,07:06,07:40,17:10,17:44,18:23,19:02
2035-11-04,05:46,06:25,07:05,07:38,17:11,17:45,18:25,19:04
2035-11-03,05:45,06:23,07:03,07:37,17:13,17:47,18:26,19:05
2035-11-02,05:43,06:22,07:01,07:35,17:15,17:48,18:28,19:07
2035-11-01,05:42,06:20,07:00,07:33,17:17,17:50,18:30,19:08
2035-10-31,05:40,06:19,06:58,07:31,17:19,17:52,18:31,19:10
2035-10-30,05:38,06:17,06:56,07:30,17:20,17:54,18:33,19:12
2035-10-29,05:37,06:16,06:55,07:28,17:22,17:55,18:35,19:13
2035-10-28,05:35,06:14,06:53,07:26,17:24,17:57,18:36,19:15
2035-10-27,06:34,07:12,07:52,08:24,18:26,18:59,19:38,20:17
2035-10-26,06:32,07:11,07:50,08:23,18:28,19:01,19:40,20:19
2035-10-25,06:30,07:09,07:48,08:21,18:30,19:03,19:42,20:20
2035-10-24,06:29,07:08,07:47,08:19,18:32,19:05,19:44,20:22
2035-10-23,06:27,07:06,07:45,08:17,18:34,19:07,19:46,20:24
2035-10-22,06:26,07:04,07:43,08:16,18:36,19:09,19:47,20:26
2035-10-21,06:24,07:03,07:42,08:14,18:38,19:10,19:49,20:28
2035-10-20,06:22,07:01,07:40,08:12,18:40,19:12,19:51,20:30
2035-10-19,06:21,06:59,07:38,08:10,18:42,19:14,19:53,20:32
2035-10-18,06:19,06:58,07:37,08:09,18:44,19:17,19:55,20:34
2035-10-17,06:17,06:56,07:35,08:07,18:46,19:19,19:57,20:36
2035-10-16,06:16,06:55,07:33,08:05,18:49,19:21,19:59,20:38
2035-10-15,06:14,06:53,07:32,08:04,18:51,19:23,20:01,20:40
2035-10-14,06:12,06:51,07:30,08:02,18:53,19:25,20:03,20:42
2035-10-13,06:11,06:50,07:28,08:00,18:55,19:27,20:06,20:45
2035-10-12,06:09,06:48,07:27,07:59,18:57,19:29,20:08,20:47
2035-10-11,06:07,06:46,07:25,07:57,18:59,19:31,20:10,20:49
2035-10-10,06:06,06:45,07:23,07:55,19:02,19:33,20:12,20:51
2035-10-09,06:04,06:43,07:22,07:54,19:04,19:36,20:14,20:53
2035-10-08,06:02,06:42,07:20,07:52,19:06,19:38,20:16,20:56
2035-10-07,06:01,06:40,07:19,07:50,19:08,19:40,20:19,20:58
2035-10-06,05:59,06:38,07:17,07:49,19:11,19:42,20:21,21:00
2035-10-05,05:57,06:37,07:15,07:47,19:13,19:44,20:23,21:03
2035-10-04,05:55,06:35,07:14,07:45,19:15,19:47,20:25,21:05
2035-10-03,05:54,06:33,07:12,07:44,19:17,19:49,20:28,21:07
2035-10-02,05:52,06:32,07:10,07:42,19:20,19:51,20:30,21:10
2035-10-01,05:50,06:30,07:09,07:40,19:22,19:53,20:32,21:12
2035-09-30,05:48,06:28,07:07,07:39,19:24,19:56,20:35,21:15
2035-09-29,05:46,06:27,07:05,07:37,19:26,19:58,20:37,21:17
2035-09-28,05:45,06:25,07:04,07:35,19:29,20:00,20:39,21:20
2035-09-27,05:43,06:23,07:02,07:34,19:31,20:03,20:42,21:22
2035-09-26,05:41,06:21,07:01,07:32,19:33,20:05,20:44,21:25
2035-09-25,05:39,06:20,06:59,07:31,19:36,20:07,20:47,21:27
2035-09-24,05:37,06:18,06:57,07:29,19:38,20:10,20:49,21:30
2035-09-23,05:35,06:16,06:56,07:27,19:40,20:12,20:51,21:32
2035-09-22,05:33,06:15,06:54,07:26,19:43,20:14,20:54,21:35
2035-09-21,05:31,06:13,06:52,07:24,19:45,20:17,20:56,21:38
2035-09-20,05:29,06:11,06:51,07:23,19:47,20:19,20:59,21:40
2035-09-19,05:27,06:09,06:49,07:21,19:50,20:21,21:01,21:43
2035-09-18,05:25,06:08,06:47,07:19,19:52,20:24,21:04,21:46
2035-09-17,05:23,06:06,06:46,07:18,19:54,20:26,21:06,21:48
2035-09-16,05:21,06:04,06:44,07:16,19:57,20:28,21:09,21:51
2035-09-15,05:19,06:02,06:43,07:14,19:59,20:31,21:11,21:54
2035-09-14,05:17,06:00,06:41,07:13,20:01,20:33,21:14,21:57
2035-09-13,05:15,05:59,06:39,07:11,20:03,20:36,21:16,21:59
2035-09-12,05:13,05:57,06:38,07:10,20:06,20:38,21:19,22:02
2035-09-11,05:11,05:55,06:36,07:08,20:08,20:40,21:21,22:05
2035-09-10,05:09,05:53,06:34,07:07,20:10,20:43,21:24,22:08
2035-09-09,05:07,05:51,06:32,07:05,20:13,20:45,21:26,22:11
2035-09-08,05:05,05:49,06:31,07:03,20:15,20:47,21:29,22:14
2035-09-07,05:02,05:47,06:29,07:02,20:17,20:50,21:31,22:17
2035-09-06,05:00,05:46,06:27,07:00,20:20,20:52,21:34,22:20
2035-09-05,04:58,05:44,06:26,06:59,20:22,20:55,21:37,22:22
2035-09-04,04:56,05:42,06:24,06:57,20:24,20:57,21:39,22:25
2035-09-03,04:53,05:40,06:22,06:55,20:26,20:59,21:42,22:28
2035-09-02,04:51,05:38,06:21,06:54,20:29,21:02,21:44,22:31
2035-09-01,04:49,05:36,06:19,06:52,20:31,21:04,21:47,22:34
2035-08-31,04:46,05:34,06:17,06:51,20:33,21:06,21:50,22:37
2035-08-30,04:44,05:32,06:15,06:49,20:35,21:09,21:52,22:41
2035-08-29,04:41,05:30,06:14,06:47,20:37,21:11,21:55,22:44
2035-08-28,04:39,05:28,06:12,06:46,20:40,21:13,21:57,22:47
2035-08-27,04:36,05:26,06:10,06:44,20:42,21:16,22:00,22:50
2035-08-26,04:34,05:24,06:09,06:43,20:44,21:18,22:03,22:53
2035-08-25,04:31,05:22,06:07,06:41,20:46,21:20,22:05,22:56
2035-08-24,04:28,05:20,06:05,06:39,20:48,21:23,22:08,22:59
2035-08-23,04:26,05:18,06:03,06:38,20:50,21:25,22:10,23:03
2035-08-22,04:23,05:16,06:02,06:36,20:53,21:27,22:13,23:06
2035-08-21,04:20,05:14,06:00,06:34,20:55,21:29,22:16,23:09
2035-08-20,04:17,05:12,05:58,06:33,20:57,21:32,22:18,23:12
2035-08-19,04:15,05:09,05:56,06:31,20:59,21:34,22:21,23:16
2035-08-18,04:12,05:07,05:54,06:30,21:01,21:36,22:23,23:19
2035-08-17,04:09,05:05,05:53,06:28,21:03,21:38,22:26,23:22
2035-08-16,04:06,05:03,05:51,06:26,21:05,21:41,22:28,23:26
2035-08-15,04:03,05:01,05:49,06:25,21:07,21:43,22:31,23:29
2035-08-14,04:00,04:59,05:47,06:23,21:09,21:45,22:34,23:33
2035-08-13,03:56,04:57,05:46,06:22,21:11,21:47,22:36,23:36
2035-08-12,03:53,04:54,05:44,06:20,21:13,21:49,22:39,23:40
2035-08-11,03:50,04:52,05:42,06:19,21:15,21:51,22:41,23:43
2035-08-10,03:47,04:50,05:40,06:17,21:17,21:53,22:44,23:47
2035-08-09,03:43,04:48,05:38,06:15,21:19,21:56,22:46,23:51
2035-08-08,03:40,04:45,05:37,06:14,21:20,21:58,22:49,23:54
2035-08-07,03:36,04:43,05:35,06:12,21:22,22:00,22:51,23:58
2035-08-06,03:33,04:41,05:33,06:11,21:24,22:02,22:54,00:00
2035-08-05,03:29,04:39,05:31,06:09,21:26,22:04,22:56,00:00
2035-08-04,03:25,04:36,05:30,06:08,21:28,22:06,22:59,00:00
2035-08-03,03:21,04:34,05:28,06:06,21:29,22:08,23:01,00:00
2035-08-02,03:17,04:32,05:26,06:04,21:31,22:09,23:04,00:00
2035-08-01,03:13,04:30,05:24,06:03,21:33,22:11,23:06,00:00
2035-07-31,03:08,04:27,05:22,06:01,21:34,22:13,23:08,00:00
2035-07-30,03:04,04:25,05:21,06:00,21:36,22:15,23:11,00:00
2035-07-29,02:59,04:23,05:19,05:58,21:37,22:17,23:13,00:00
2035-07-28,02:54,04:20,05:17,05:57,21:39,22:19,23:15,00:00
2035-07-27,02:49,04:18,05:16,05:56,21:40,22:20,23:18,00:00
2035-07-26,02:43,04:16,05:14,05:54,21:42,22:22,23:20,00:00
2035-07-25,02:37,04:14,05:12,05:53,21:43,22:24,23:22,00:00
2035-07-24,02:29,04:11,05:11,05:51,21:45,22:25,23:25,00:00
2035-07-23,02:21,04:09,05:09,05:50,21:46,22:27,23:27,00:00
2035-07-22,02:10,04:07,05:07,05:48,21:47,22:28,23:29,00:00
2035-07-21,00:00,04:05,05:06,05:47,21:49,22:30,23:31,00:00
2035-07-20,00:00,04:02,05:04,05:46,21:50,22:31,23:33,00:00
2035-07-19,00:00,04:00,05:03,05:44,21:51,22:33,23:35,00:00
2035-07-18,00:00,03:58,05:01,05:43,21:52,22:34,23:37,00:00
2035-07-17,00:00,03:56,05:00,05:42,21:53,22:36,23:39,00:00
2035-07-16,00:00,03:54,04:58,05:41,21:54,22:37,23:41,00:00
2035-07-15,00:00,03:52,04:57,05:39,21:55,22:38,23:43,00:00
2035-07-14,00:00,03:50,04:55,05:38,21:56,22:39,23:45,00:00
2035-07-13,00:00,03:48,04:54,05:37,21:57,22:40,23:47,00:00
2035-07-12,00:00,03:46,04:53,05:36,21:58,22:41,23:48,00:00
2035-07-11,00:00,03:44,04:51,05:35,21:59,22:42,23:50,00:00
2035-07-10,00:00,03:42,04:50,05:34,22:00,22:43,23:52,00:00
2035-07-09,00:00,03:40,04:49,05:33,22:01,22:44,23:53,00:00
2035-07-08,00:00,03:38,04:48,05:32,22:01,22:45,23:55,00:00
2035-07-07,00:00,03:37,04:47,05:31,22:02,22:46,23:56,00:00
2035-07-06,00:00,03:35,04:46,05:30,22:02,22:47,23:57,00:00
2035-07-05,00:00,03:33,04:44,05:29,22:03,22:48,23:59,00:00
2035-07-04,00:00,03:32,04:43,05:28,22:03,22:48,00:00,00:00
2035-07-03,00:00,03:30,04:43,05:27,22:04,22:49,00:00,00:00
2035-07-02,00:00,03:29,04:42,05:27,22:04,22:49,00:00,00:00
2035-07-01,00:00,03:28,04:41,05:26,22:05,22:50,00:00,00:00
2035-06-30,00:00,03:27,04:40,05:25,22:05,22:50,00:00,00:00
2035-06-29,00:00,03:26,04:39,05:25,22:05,22:50,00:00,00:00
2035-06-28,00:00,03:25,04:39,05:24,22:05,22:51,00:00,00:00
2035-06-27,00:00,03:24,04:38,05:24,22:05,22:51,00:00,00:00
2035-06-26,00:00,03:23,04:37,05:23,22:06,22:51,00:00,00:00
2035-06-25,00:00,03:22,04:37,05:23,22:06,22:51,00:00,00:00
2035-06-24,00:00,03:22,04:37,05:22,22:05,22:51,00:00,00:00
2035-06-23,00:00,03:21,04:36,05:22,22:05,22:51,00:00,00:00
2035-06-22,00:00,03:21,04:36,05:22,22:05,22:51,00:00,00:00
2035-06-21,00:00,03:20,04:36,05:21,22:05,22:51,00:00,00:00
2035-06-20,00:00,03:20,04:35,05:21,22:05,22:51,00:00,00:00
2035-06-19,00:00,03:20,04:35,05:21,22:05,22:50,00:00,00:00
2035-06-18,00:00,03:20,04:35,05:21,22:04,22:50,00:00,00:00
2035-06-17,00:00,03:20,04:35,05:21,22:04,22:49,00:00,00:00
2035-06-16,00:00,03:21,04:35,05:21,22:03,22:49,00:00,00:00
2035-06-15,00:00,03:21,04:35,05:21,22:03,22:48,00:00,00:00
2035-06-14,00:00,03:22,04:36,05:21,22:02,22:48,00:00,00:00
2035-06-13,00:00,03:22,04:36,05:21,22:02,22:47,00:00,00:00
2035-06-12,00:00,03:23,04:36,05:21,22:01,22:46,00:00,00:00
2035-06-11,00:00,03:24,04:37,05:22,22:00,22:45,23:58,00:00
2035-06-10,00:00,03:25,04:37,05:22,22:00,22:45,23:57,00:00
2035-06-09,00:00,03:26,04:38,05:22,21:59,22:44,23:56,00:00
2035-06-08,00:00,03:27,04:38,05:23,21:58,22:43,23:54,00:00
2035-06-07,00:00,03:28,04:39,05:23,21:57,22:42,23:53,00:00
2035-06-06,00:00,03:29,04:40,05:24,21:56,22:41,23:51,00:00
2035-06-05,00:00,03:30,04:40,05:24,21:55,22:40,23:49,00:00
2035-06-04,00:00,03:32,04:41,05:25,21:54,22:38,23:48,00:00
2035-06-03,00:00,03:33,04:42,05:26,21:53,22:37,23:46,00:00
2035-06-02,00:00,03:35,04:43,05:26,21:52,22:36,23:44,00:00
2035-06-01,00:00,03:36,04:44,05:27,21:51,22:35,23:42,00:00
2035-05-31,00:00,03:38,04:45,05:28,21:50,22:33,23:40,00:00
2035-05-30,00:00,03:40,04:46,05:29,21:49,22:32,23:38,00:00
2035-05-29,00:00,03:41,04:47,05:30,21:48,22:31,23:36,00:00
2035-05-28,00:00,03:43,04:48,05:31,21:47,22:29,23:34,00:00
2035-05-27,00:00,03:45,04:49,05:32,21:45,22:28,23:32,00:00
2035-05-26,00:00,03:47,04:51,05:33,21:44,22:26,23:30,00:00
2035-05-25,00:00,03:49,04:52,05:34,21:43,22:25,23:28,00:00
2035-05-24,00:00,03:51,04:53,05:35,21:41,22:23,23:25,00:00
2035-05-23,00:00,03:53,04:55,05:36,21:40,22:21,23:23,00:00
2035-05-22,00:00,03:55,04:56,05:38,21:39,22:20,23:21,00:00
2035-05-21,02:03,03:57,04:58,05:39,21:37,22:18,23:19,00:00
2035-05-20,02:13,04:00,04:59,05:40,21:36,22:17,23:16,00:00
2035-05-19,02:21,04:02,05:01,05:41,21:34,22:15,23:14,00:00
2035-05-18,02:28,04:04,05:03,05:43,21:33,22:13,23:12,00:00
2035-05-17,02:34,04:06,05:04,05:44,21:31,22:11,23:09,00:00
2035-05-16,02:40,04:08,05:06,05:46,21:30,22:10,23:07,00:00
2035-05-15,02:45,04:11,05:08,05:47,21:28,22:08,23:05,00:00
2035-05-14,02:50,04:13,05:09,05:49,21:27,22:06,23:02,00:00
2035-05-13,02:55,04:15,05:11,05:50,21:25,22:04,23:00,00:00
2035-05-12,02:59,04:18,05:13,05:52,21:24,22:03,22:58,00:00
2035-05-11,03:04,04:20,05:15,05:53,21:22,22:01,22:55,00:00
2035-05-10,03:08,04:23,05:17,05:55,21:21,21:59,22:53,00:00
2035-05-09,03:12,04:25,05:19,05:57,21:19,21:57,22:51,00:00
2035-05-08,03:17,04:27,05:20,05:58,21:17,21:55,22:48,23:59
2035-05-07,03:21,04:30,05:22,06:00,21:16,21:54,22:46,23:55
2035-05-06,03:24,04:32,05:24,06:02,21:14,21:52,22:44,23:52
2035-05-05,03:28,04:35,05:26,06:04,21:13,21:50,22:41,23:48
2035-05-04,03:32,04:37,05:28,06:05,21:11,21:48,22:39,23:44
2035-05-03,03:36,04:40,05:30,06:07,21:09,21:46,22:37,23:41
2035-05-02,03:40,04:42,05:32,06:09,21:08,21:44,22:34,23:37
2035-05-01,03:43,04:45,05:35,06:11,21:06,21:42,22:32,23:34
2035-04-30,03:47,04:47,05:37,06:13,21:04,21:41,22:30,23:31
2035-04-29,03:50,04:50,05:39,06:15,21:03,21:39,22:28,23:27
2035-04-28,03:54,04:53,05:41,06:17,21:01,21:37,22:25,23:24
2035-04-27,03:57,04:55,05:43,06:19,20:59,21:35,22:23,23:21
2035-04-26,04:01,04:58,05:45,06:21,20:58,21:33,22:21,23:18
2035-04-25,04:04,05:00,05:47,06:23,20:56,21:31,22:19,23:15
2035-04-24,04:07,05:03,05:50,06:25,20:54,21:29,22:16,23:12
2035-04-23,04:11,05:05,05:52,06:27,20:53,21:28,22:14,23:09
2035-04-22,04:14,05:08,05:54,06:29,20:51,21:26,22:12,23:06
2035-04-21,04:17,05:10,05:56,06:31,20:49,21:24,22:10,23:03
2035-04-20,04:21,05:13,05:59,06:33,20:48,21:22,22:08,23:00
2035-04-19,04:24,05:16,06:01,06:35,20:46,21:20,22:06,22:57
2035-04-18,04:27,05:18,06:03,06:37,20:44,21:18,22:03,22:55
2035-04-17,04:30,05:21,06:05,06:39,20:43,21:17,22:01,22:52
2035-04-16,04:33,05:23,06:08,06:42,20:41,21:15,21:59,22:49
2035-04-15,04:36,05:26,06:10,06:44,20:39,21:13,21:57,22:47
2035-04-14,04:39,05:28,06:12,06:46,20:38,21:11,21:55,22:44
2035-04-13,04:43,05:31,06:15,06:48,20:36,21:09,21:53,22:41
2035-04-12,04:46,05:34,06:17,06:50,20:34,21:08,21:51,22:39
2035-04-11,04:49,05:36,06:19,06:52,20:32,21:06,21:49,22:36
2035-04-10,04:52,05:39,06:22,06:55,20:31,21:04,21:47,22:34
2035-04-09,04:55,05:41,06:24,06:57,20:29,21:02,21:45,22:31
2035-04-08,04:58,05:44,06:26,06:59,20:27,21:00,21:43,22:29
2035-04-07,05:01,05:46,06:29,07:01,20:26,20:59,21:41,22:27
2035-04-06,05:03,05:49,06:31,07:04,20:24,20:57,21:39,22:24
2035-04-05,05:06,05:52,06:33,07:06,20:22,20:55,21:37,22:22
2035-04-04,05:09,05:54,06:36,07:08,20:21,20:53,21:35,22:20
2035-04-03,05:12,05:57,06:38,07:10,20:19,20:51,21:33,22:17
2035-04-02,05:15,05:59,06:40,07:13,20:17,20:50,21:31,22:15
2035-04-01,05:18,06:02,06:43,07:15,20:16,20:48,21:29,22:13
2035-03-31,05:21,06:04,06:45,07:17,20:14,20:46,21:27,22:11
2035-03-30,05:23,06:07,06:47,07:19,20:12,20:44,21:25,22:08
2035-03-29,05:26,06:09,06:50,07:22,20:11,20:43,21:23,22:06
2035-03-28,05:29,06:12,06:52,07:24,20:09,20:41,21:21,22:04
2035-03-27,05:32,06:14,06:54,07:26,20:07,20:39,21:19,22:02
2035-03-26,05:34,06:17,06:57,07:29,20:06,20:37,21:18,22:00
2035-03-25,05:37,06:19,06:59,07:31,20:04,20:36,21:16,22:58
2035-03-24,04:40,05:22,06:01,06:33,19:02,19:34,20:14,20:56
2035-03-23,04:42,05:24,06:04,06:36,19:00,19:32,20:12,20:54
2035-03-22,04:45,05:26,06:06,06:38,18:59,19:30,20:10,20:52
2035-03-21,04:48,05:29,06:08,06:40,18:57,19:29,20:08,20:50
2035-03-20,04:50,05:31,06:11,06:42,18:55,19:27,20:06,20:48
2035-03-19,04:53,05:34,06:13,06:45,18:54,19:25,20:05,20:46
2035-03-18,04:55,05:36,06:15,06:47,18:52,19:24,20:03,20:44
2035-03-17,04:58,05:38,06:18,06:49,18:50,19:22,20:01,20:42
2035-03-16,05:00,05:41,06:20,06:52,18:49,19:20,19:59,20:40
2035-03-15,05:03,05:43,06:22,06:54,18:47,19:18,19:57,20:38
2035-03-14,05:05,05:46,06:25,06:56,18:45,19:17,19:56,20:36
2035-03-13,05:08,05:48,06:27,06:58,18:43,19:15,19:54,20:34
2035-03-12,05:10,05:50,06:29,07:01,18:42,19:13,19:52,20:32
2035-03-11,05:13,05:52,06:31,07:03,18:40,19:12,19:50,20:30
2035-03-10,05:15,05:55,06:34,07:05,18:38,19:10,19:49,20:28
2035-03-09,05:17,05:57,06:36,07:07,18:37,19:08,19:47,20:26
2035-03-08,05:20,05:59,06:38,07:10,18:35,19:06,19:45,20:25
2035-03-07,05:22,06:01,06:40,07:12,18:33,19:05,19:43,20:23
2035-03-06,05:24,06:04,06:42,07:14,18:31,19:03,19:42,20:21
2035-03-05,05:27,06:06,06:45,07:16,18:30,19:01,19:40,20:19
2035-03-04,05:29,06:08,06:47,07:18,18:28,18:59,19:38,20:17
2035-03-03,05:31,06:10,06:49,07:21,18:26,18:58,19:36,20:15
2035-03-02,05:33,06:12,06:51,07:23,18:24,18:56,19:35,20:14
2035-03-01,05:36,06:14,06:53,07:25,18:22,18:54,19:33,20:12
2035-02-28,05:38,06:17,06:55,07:27,18:21,18:53,19:31,20:10
2035-02-27,05:40,06:19,06:57,07:29,18:19,18:51,19:30,20:08
2035-02-26,05:42,06:21,06:59,07:31,18:17,18:49,19:28,20:07
2035-02-25,05:44,06:23,07:01,07:33,18:15,18:47,19:26,20:05
2035-02-24,05:46,06:25,07:03,07:36,18:14,18:46,19:24,20:03
2035-02-23,05:48,06:27,07:05,07:38,18:12,18:44,19:23,20:01
2035-02-22,05:50,06:29,07:07,07:40,18:10,18:42,19:21,20:00
2035-02-21,05:52,06:31,07:09,07:42,18:08,18:40,19:19,19:58
2035-02-20,05:54,06:33,07:11,07:44,18:06,18:39,19:18,19:56
2035-02-19,05:56,06:34,07:13,07:46,18:05,18:37,19:16,19:55
2035-02-18,05:58,06:36,07:15,07:48,18:03,18:35,19:14,19:53
2035-02-17,05:59,06:38,07:17,07:50,18:01,18:34,19:13,19:51
2035-02-16,06:01,06:40,07:19,07:52,17:59,18:32,19:11,19:50
2035-02-15,06:03,06:42,07:21,07:54,17:57,18:30,19:09,19:48
2035-02-14,06:05,06:43,07:23,07:56,17:55,18:28,19:08,19:46
2035-02-13,06:06,06:45,07:24,07:57,17:54,18:27,19:06,19:45
2035-02-12,06:08,06:47,07:26,07:59,17:52,18:25,19:04,19:43
2035-02-11,06:10,06:49,07:28,08:01,17:50,18:23,19:03,19:41
2035-02-10,06:11,06:50,07:30,08:03,17:48,18:21,19:01,19:40
2035-02-09,06:13,06:52,07:31,08:05,17:46,18:20,18:59,19:38
2035-02-08,06:15,06:53,07:33,08:06,17:45,18:18,18:58,19:36
2035-02-07,06:16,06:55,07:35,08:08,17:43,18:16,18:56,19:35
2035-02-06,06:17,06:56,07:36,08:10,17:41,18:15,18:54,19:33
2035-02-05,06:19,06:58,07:38,08:12,17:39,18:13,18:53,19:32
2035-02-04,06:20,06:59,07:39,08:13,17:37,18:11,18:51,19:30
2035-02-03,06:22,07:01,07:41,08:15,17:35,18:09,18:50,19:29
2035-02-02,06:23,07:02,07:42,08:16,17:34,18:08,18:48,19:27
2035-02-01,06:24,07:03,07:44,08:18,17:32,18:06,18:46,19:25
2035-01-31,06:26,07:05,07:45,08:20,17:30,18:04,18:45,19:24
2035-01-30,06:27,07:06,07:46,08:21,17:28,18:03,18:43,19:22
2035-01-29,06:28,07:07,07:48,08:22,17:26,18:01,18:42,19:21
2035-01-28,06:29,07:08,07:49,08:24,17:25,17:59,18:40,19:19
2035-01-27,06:30,07:10,07:50,08:25,17:23,17:58,18:39,19:18
2035-01-26,06:31,07:11,07:51,08:27,17:21,17:56,18:37,19:16
2035-01-25,06:32,07:12,07:53,08:28,17:19,17:55,18:36,19:15
2035-01-24,06:33,07:13,07:54,08:29,17:18,17:53,18:34,19:14
2035-01-23,06:34,07:14,07:55,08:30,17:16,17:51,18:33,19:12
2035-01-22,06:35,07:15,07:56,08:32,17:14,17:50,18:31,19:11
2035-01-21,06:36,07:16,07:57,08:33,17:13,17:48,18:30,19:09
2035-01-20,06:37,07:16,07:58,08:34,17:11,17:47,18:28,19:08
2035-01-19,06:37,07:17,07:59,08:35,17:09,17:45,18:27,19:07
2035-01-18,06:38,07:18,08:00,08:36,17:08,17:44,18:25,19:05
2035-01-17,06:39,07:19,08:01,08:37,17:06,17:42,18:24,19:04
2035-01-16,06:39,07:19,08:01,08:38,17:04,17:41,18:23,19:03
2035-01-15,06:40,07:20,08:02,08:39,17:03,17:39,18:21,19:01
2035-01-14,06:41,07:21,08:03,08:39,17:01,17:38,18:20,19:00
2035-01-13,06:41,07:21,08:03,08:40,17:00,17:37,18:19,18:59
2035-01-12,06:42,07:22,08:04,08:41,16:58,17:35,18:17,18:58
2035-01-11,06:42,07:22,08:05,08:42,16:57,17:34,18:16,18:56
2035-01-10,06:42,07:23,08:05,08:42,16:55,17:33,18:15,18:55
2035-01-09,06:43,07:23,08:06,08:43,16:54,17:31,18:14,18:54
2035-01-08,06:43,07:23,08:06,08:43,16:53,17:30,18:13,18:53
2035-01-07,06:43,07:24,08:06,08:44,16:51,17:29,18:11,18:52
2035-01-06,06:43,07:24,08:07,08:44,16:50,17:28,18:10,18:51
2035-01-05,06:44,07:24,08:07,08:44,16:49,17:27,18:09,18:50
2035-01-04,06:44,07:24,08:07,08:45,16:48,17:25,18:08,18:49
2035-01-03,06:44,07:24,08:07,08:45,16:47,17:24,18:07,18:48
2035-01-02,06:44,07:24,08:07,08:45,16:46,17:23,18:06,18:47
2035-01-01,06:44,07:24,08:07,08:45,16:44,17:22,18:05,18:46
2034-12-31,06:44,07:24,08:07,08:45,16:43,17:21,18:04,18:45
2034-12-30,06:43,07:24,08:07,08:45,16:42,17:20,18:04,18:44
2034-12-29,06:43,07:24,08:07,08:45,16:42,17:20,18:03,18:44
2034-12-28,06:43,07:24,08:07,08:45,16:41,17:19,18:02,18:43
2034-12-27,06:43,07:24,08:07,08:45,16:40,17:18,18:01,18:42
2034-12-26,06:43,07:23,08:07,08:45,16:39,17:17,18:00,18:41
2034-12-25,06:42,07:23,08:06,08:44,16:38,17:17,18:00,18:41
2034-12-24,06:42,07:23,08:06,08:44,16:38,17:16,17:59,18:40
2034-12-23,06:41,07:22,08:06,08:44,16:37,17:15,17:59,18:39
2034-12-22,06:41,07:22,08:05,08:43,16:37,17:15,17:58,18:39
2034-12-21,06:41,07:21,08:05,08:43,16:36,17:14,17:58,18:38
2034-12-20,06:40,07:21,08:04,08:42,16:36,17:14,17:57,18:38
2034-12-19,06:39,07:20,08:04,08:42,16:35,17:13,17:57,18:38
2034-12-18,06:39,07:20,08:03,08:41,16:35,17:13,17:56,18:37
2034-12-17,06:38,07:19,08:02,08:40,16:35,17:13,17:56,18:37
2034-12-16,06:37,07:18,08:02,08:40,16:34,17:12,17:56,18:37
2034-12-15,06:37,07:18,08:01,08:39,16:34,17:12,17:55,18:36
2034-12-14,06:36,07:17,08:00,08:38,16:34,17:12,17:55,18:36
2034-12-13,06:35,07:16,07:59,08:37,16:34,17:12,17:55,18:36
2034-12-12,06:34,07:15,07:58,08:36,16:34,17:12,17:55,18:36
2034-12-11,06:34,07:14,07:57,08:35,16:34,17:12,17:55,18:36
2034-12-10,06:33,07:13,07:56,08:34,16:34,17:12,17:55,18:36
2034-12-09,06:32,07:12,07:55,08:33,16:34,17:12,17:55,18:36
2034-12-08,06:31,07:11,07:54,08:32,16:35,17:12,17:55,18:36
2034-12-07,06:30,07:10,07:53,08:31,16:35,17:12,17:55,18:36
2034-12-06,06:29,07:09,07:52,08:30,16:35,17:13,17:55,18:36
2034-12-05,06:28,07:08,07:51,08:28,16:36,17:13,17:56,18:36
2034-12-04,06:27,07:07,07:50,08:27,16:36,17:13,17:56,18:36
2034-12-03,06:26,07:06,07:49,08:26,16:37,17:14,17:56,18:37
2034-12-02,06:25,07:05,07:47,08:25,16:37,17:14,17:57,18:37
2034-12-01,06:23,07:04,07:46,08:23,16:38,17:15,17:57,18:37
2034-11-30,06:22,07:03,07:45,08:22,16:38,17:15,17:57,18:38
2034-11-29,06:21,07:01,07:44,08:20,16:39,17:16,17:58,18:38
2034-11-28,06:20,07:00,07:42,08:19,16:40,17:16,17:59,18:39
2034-11-27,06:19,06:59,07:41,08:17,16:41,17:17,17:59,18:39
2034-11-26,06:18,06:58,07:39,08:16,16:41,17:18,18:00,18:40
2034-11-25,06:16,06:56,07:38,08:14,16:42,17:19,18:00,18:40
2034-11-24,06:15,06:55,07:37,08:13,16:43,17:20,18:01,18:41
2034-11-23,06:14,06:54,07:35,08:11,16:44,17:20,18:02,18:42
2034-11-22,06:12,06:52,07:34,08:10,16:45,17:21,18:03,18:43
2034-11-21,06:11,06:51,07:32,08:08,16:46,17:22,18:04,18:43
2034-11-20,06:10,06:49,07:31,08:06,16:48,17:23,18:05,18:44
2034-11-19,06:08,06:48,07:29,08:05,16:49,17:24,18:06,18:45
2034-11-18,06:07,06:47,07:28,08:03,16:50,17:25,18:07,18:46
2034-11-17,06:06,06:45,07:26,08:01,16:51,17:27,18:08,18:47
2034-11-16,06:04,06:44,07:25,08:00,16:53,17:28,18:09,18:48
2034-11-15,06:03,06:42,07:23,07:58,16:54,17:29,18:10,18:49
2034-11-14,06:01,06:41,07:21,07:56,16:55,17:30,18:11,18:50
2034-11-13,06:00,06:39,07:20,07:55,16:57,17:32,18:12,18:51
2034-11-12,05:58,06:38,07:18,07:53,16:58,17:33,18:13,18:53
2034-11-11,05:57,06:36,07:17,07:51,17:00,17:34,18:15,18:54
2034-11-10,05:56,06:35,07:15,07:49,17:01,17:36,18:16,18:55
2034-11-09,05:54,06:33,07:13,07:48,17:03,17:37,18:17,18:56
2034-11-08,05:53,06:32,07:12,07:46,17:04,17:39,18:19,18:58
2034-11-07,05:51,06:30,07:10,07:44,17:06,17:40,18:20,18:59
2034-11-06,05:50,06:28,07:08,07:42,17:08,17:42,18:22,19:00
2034-11-05,05:48,06:27,07:07,07:41,17:09,17:43,18:23,19:02
2034-11-04,05:47,06:25,07:05,07:39,17:11,17:45,18:25,19:03
2034-11-03,05:45,06:24,07:04,07:37,17:13,17:46,18:26,19:05
2034-11-02,05:43,06:22,07:02,07:35,17:15,17:48,18:28,19:06
2034-11-01,05:42,06:21,07:00,07:34,17:16,17:50,18:29,19:08
2034-10-31,05:40,06:19,06:59,07:32,17:18,17:51,18:31,19:10
2034-10-30,05:39,06:18,06:57,07:30,17:20,17:53,18:33,19:11
2034-10-29,05:37,06:16,06:55,07:28,17:22,17:55,18:34,19:13
2034-10-28,06:36,07:14,07:54,08:27,18:24,18:57,19:36,20:15
2034-10-27,06:34,07:13,07:52,08:25,18:26,18:59,19:38,20:16
2034-10-26,06:32,07:11,07:50,08:23,18:28,19:00,19:40,20:18
2034-10-25,06:31,07:10,07:49,08:21,18:30,19:02,19:41,20:20
2034-10-24,06:29,07:08,07:47,08:20,18:32,19:04,19:43,20:22
2034-10-23,06:28,07:06,07:45,08:18,18:34,19:06,19:45,20:24
2034-10-22,06:26,07:05,07:44,08:16,18:36,19:08,19:47,20:26
2034-10-21,06:24,07:03,07:42,08:14,18:38,19:10,19:49,20:28
2034-10-20,06:23,07:01,07:40,08:13,18:40,19:12,19:51,20:30
2034-10-19,06:21,07:00,07:39,08:11,18:42,19:14,19:53,20:31
2034-10-18,06:20,06:58,07:37,08:09,18:44,19:16,19:55,20:34
2034-10-17,06:18,06:57,07:35,08:07,18:46,19:18,19:57,20:36
2034-10-16,06:16,06:55,07:34,08:06,18:48,19:20,19:59,20:38
2034-10-15,06:15,06:53,07:32,08:04,18:50,19:22,20:01,20:40
2034-10-14,06:13,06:52,07:30,08:02,18:52,19:24,20:03,20:42
2034-10-13,06:11,06:50,07:29,08:01,18:55,19:26,20:05,20:44
2034-10-12,06:10,06:48,07:27,07:59,18:57,19:29,20:07,20:46
2034-10-11,06:08,06:47,07:26,07:57,18:59,19:31,20:09,20:48
2034-10-10,06:06,06:45,07:24,07:56,19:01,19:33,20:12,20:51
2034-10-09,06:04,06:44,07:22,07:54,19:03,19:35,20:14,20:53
2034-10-08,06:03,06:42,07:21,07:52,19:06,19:37,20:16,20:55
2034-10-07,06:01,06:40,07:19,07:51,19:08,19:39,20:18,20:57
2034-10-06,05:59,06:39,07:17,07:49,19:10,19:42,20:20,21:00
2034-10-05,05:58,06:37,07:16,07:47,19:12,19:44,20:23,21:02
2034-10-04,05:56,06:35,07:14,07:46,19:15,19:46,20:25,21:04
2034-10-03,05:54,06:34,07:12,07:44,19:17,19:48,20:27,21:07
2034-10-02,05:52,06:32,07:11,07:42,19:19,19:51,20:29,21:09
2034-10-01,05:50,06:30,07:09,07:41,19:21,19:53,20:32,21:12
2034-09-30,05:49,06:29,07:08,07:39,19:24,19:55,20:34,21:14
2034-09-29,05:47,06:27,07:06,07:37,19:26,19:57,20:36,21:17
2034-09-28,05:45,06:25,07:04,07:36,19:28,20:00,20:39,21:19
2034-09-27,05:43,06:24,07:03,07:34,19:30,20:02,20:41,21:22
2034-09-26,05:41,06:22,07:01,07:33,19:33,20:04,20:44,21:24
2034-09-25,05:39,06:20,06:59,07:31,19:35,20:07,20:46,21:27
2034-09-24,05:38,06:18,06:58,07:29,19:37,20:09,20:48,21:29
2034-09-23,05:36,06:17,06:56,07:28,19:40,20:11,20:51,21:32
2034-09-22,05:34,06:15,06:54,07:26,19:42,20:14,20:53,21:34
2034-09-21,05:32,06:13,06:53,07:25,19:44,20:16,20:56,21:37
2034-09-20,05:30,06:11,06:51,07:23,19:47,20:18,20:58,21:40
2034-09-19,05:28,06:10,06:50,07:21,19:49,20:21,21:01,21:42
2034-09-18,05:26,06:08,06:48,07:20,19:51,20:23,21:03,21:45
2034-09-17,05:24,06:06,06:46,07:18,19:54,20:26,21:06,21:48
2034-09-16,05:22,06:04,06:45,07:16,19:56,20:28,21:08,21:51
2034-09-15,05:20,06:03,06:43,07:15,19:58,20:30,21:11,21:53
2034-09-14,05:18,06:01,06:41,07:13,20:01,20:33,21:13,21:56
2034-09-13,05:16,05:59,06:40,07:12,20:03,20:35,21:16,21:59
2034-09-12,05:14,05:57,06:38,07:10,20:05,20:37,21:18,22:02
2034-09-11,05:12,05:55,06:36,07:08,20:08,20:40,21:21,22:04
2034-09-10,05:09,05:54,06:35,07:07,20:10,20:42,21:23,22:07
2034-09-09,05:07,05:52,06:33,07:05,20:12,20:45,21:26,22:10
2034-09-08,05:05,05:50,06:31,07:04,20:14,20:47,21:28,22:13
2034-09-07,05:03,05:48,06:30,07:02,20:17,20:49,21:31,22:16
2034-09-06,05:01,05:46,06:28,07:01,20:19,20:52,21:33,22:19
2034-09-05,04:58,05:44,06:26,06:59,20:21,20:54,21:36,22:22
2034-09-04,04:56,05:42,06:24,06:57,20:24,20:56,21:39,22:25
2034-09-03,04:54,05:40,06:23,06:56,20:26,20:59,21:41,22:28
2034-09-02,04:51,05:38,06:21,06:54,20:28,21:01,21:44,22:31
2034-09-01,04:49,05:36,06:19,06:53,20:30,21:03,21:46,22:34
2034-08-31,04:47,05:34,06:18,06:51,20:32,21:06,21:49,22:37
2034-08-30,04:44,05:33,06:16,06:49,20:35,21:08,21:52,22:40
2034-08-29,04:42,05:31,06:14,06:48,20:37,21:10,21:54,22:43
2034-08-28,04:39,05:29,06:12,06:46,20:39,21:13,21:57,22:46
2034-08-27,04:37,05:27,06:11,06:44,20:41,21:15,21:59,22:49
2034-08-26,04:34,05:25,06:09,06:43,20:44,21:17,22:02,22:52
2034-08-25,04:32,05:22,06:07,06:41,20:46,21:20,22:04,22:55
2034-08-24,04:29,05:20,06:05,06:40,20:48,21:22,22:07,22:59
2034-08-23,04:26,05:18,06:04,06:38,20:50,21:24,22:10,23:02
2034-08-22,04:24,05:16,06:02,06:36,20:52,21:27,22:12,23:05
2034-08-21,04:21,05:14,06:00,06:35,20:54,21:29,22:15,23:08
2034-08-20,04:18,05:12,05:58,06:33,20:56,21:31,22:17,23:12
2034-08-19,04:15,05:10,05:57,06:32,20:58,21:33,22:20,23:15
2034-08-18,04:12,05:08,05:55,06:30,21:00,21:36,22:23,23:18
2034-08-17,04:09,05:06,05:53,06:28,21:02,21:38,22:25,23:22
2034-08-16,04:06,05:04,05:51,06:27,21:05,21:40,22:28,23:25
2034-08-15,04:03,05:01,05:50,06:25,21:07,21:42,22:30,23:28
2034-08-14,04:00,04:59,05:48,06:24,21:09,21:44,22:33,23:32
2034-08-13,03:57,04:57,05:46,06:22,21:10,21:47,22:35,23:35
2034-08-12,03:54,04:55,05:44,06:20,21:12,21:49,22:38,23:39
2034-08-11,03:51,04:53,05:42,06:19,21:14,21:51,22:41,23:42
2034-08-10,03:47,04:50,05:41,06:17,21:16,21:53,22:43,23:46
2034-08-09,03:44,04:48,05:39,06:16,21:18,21:55,22:46,23:50
2034-08-08,03:41,04:46,05:37,06:14,21:20,21:57,22:48,23:54
2034-08-07,03:37,04:44,05:35,06:13,21:22,21:59,22:51,23:57
2034-08-06,03:33,04:41,05:33,06:11,21:24,22:01,22:53,00:00
2034-08-05,03:30,04:39,05:32,06:09,21:25,22:03,22:56,00:00
2034-08-04,03:26,04:37,05:30,06:08,21:27,22:05,22:58,00:00
2034-08-03,03:22,04:35,05:28,06:06,21:29,22:07,23:01,00:00
2034-08-02,03:18,04:32,05:26,06:05,21:31,22:09,23:03,00:00
2034-08-01,03:14,04:30,05:25,06:03,21:32,22:11,23:05,00:00
2034-07-31,03:09,04:28,05:23,06:02,21:34,22:13,23:08,00:00
2034-07-30,03:05,04:26,05:21,06:00,21:35,22:15,23:10,00:00
2034-07-29,03:00,04:23,05:19,05:59,21:37,22:16,23:13,00:00
2034-07-28,02:55,04:21,05:18,05:57,21:39,22:18,23:15,00:00
2034-07-27,02:50,04:19,05:16,05:56,21:40,22:20,23:17,00:00
2034-07-26,02:44,04:16,05:14,05:54,21:42,22:22,23:20,00:00
2034-07-25,02:38,04:14,05:13,05:53,21:43,22:23,23:22,00:00
2034-07-24,02:31,04:12,05:11,05:52,21:44,22:25,23:24,00:00
2034-07-23,02:23,04:10,05:09,05:50,21:46,22:26,23:26,00:00
2034-07-22,02:13,04:07,05:08,05:49,21:47,22:28,23:28,00:00
2034-07-21,00:00,04:05,05:06,05:47,21:48,22:30,23:31,00:00
2034-07-20,00:00,04:03,05:05,05:46,21:50,22:31,23:33,00:00
2034-07-19,00:00,04:01,05:03,05:45,21:51,22:32,23:35,00:00
2034-07-18,00:00,03:59,05:02,05:43,21:52,22:34,23:37,00:00
2034-07-17,00:00,03:56,05:00,05:42,21:53,22:35,23:39,00:00
2034-07-16,00:00,03:54,04:59,05:41,21:54,22:36,23:41,00:00
2034-07-15,00:00,03:52,04:57,05:40,21:55,22:38,23:43,00:00
2034-07-14,00:00,03:50,04:56,05:39,21:56,22:39,23:44,00:00
2034-07-13,00:00,03:48,04:54,05:37,21:57,22:40,23:46,00:00
2034-07-12,00:00,03:46,04:53,05:36,21:58,22:41,23:48,00:00
2034-07-11,00:00,03:44,04:52,05:35,21:59,22:42,23:50,00:00
2034-07-10,00:00,03:42,04:50,05:34,22:00,22:43,23:51,00:00
2034-07-09,00:00,03:41,04:49,05:33,22:00,22:44,23:53,00:00
2034-07-08,00:00,03:39,04:48,05:32,22:01,22:45,23:54,00:00
2034-07-07,00:00,03:37,04:47,05:31,22:02,22:46,23:56,00:00
2034-07-06,00:00,03:35,04:46,05:30,22:02,22:47,23:57,00:00
2034-07-05,00:00,03:34,04:45,05:29,22:03,22:47,23:58,00:00
2034-07-04,00:00,03:32,04:44,05:28,22:03,22:48,00:00,00:00
2034-07-03,00:00,03:31,04:43,05:28,22:04,22:49,00:00,00:00
2034-07-02,00:00,03:29,04:42,05:27,22:04,22:49,00:00,00:00
2034-07-01,00:00,03:28,04:41,05:26,22:05,22:50,00:00,00:00
2034-06-30,00:00,03:27,04:40,05:25,22:05,22:50,00:00,00:00
2034-06-29,00:00,03:26,04:39,05:25,22:05,22:50,00:00,00:00
2034-06-28,00:00,03:25,04:39,05:24,22:05,22:51,00:00,00:00
2034-06-27,00:00,03:24,04:38,05:24,22:05,22:51,00:00,00:00
2034-06-26,00:00,03:23,04:38,05:23,22:05,22:51,00:00,00:00
2034-06-25,00:00,03:22,04:37,05:23,22:06,22:51,00:00,00:00
2034-06-24,00:00,03:22,04:37,05:22,22:05,22:51,00:00,00:00
2034-06-23,00:00,03:21,04:36,05:22,22:05,22:51,00:00,00:00
2034-06-22,00:00,03:21,04:36,05:22,22:05,22:51,00:00,00:00
2034-06-21,00:00,03:20,04:36,05:21,22:05,22:51,00:00,00:00
2034-06-20,00:00,03:20,04:35,05:21,22:05,22:51,00:00,00:00
2034-06-19,00:00,03:20,04:35,05:21,22:05,22:50,00:00,00:00
2034-06-18,00:00,03:20,04:35,05:21,22:04,22:50,00:00,00:00
2034-06-17,00:00,03:20,04:35,05:21,22:04,22:49,00:00,00:00
2034-06-16,00:00,03:21,04:35,05:21,22:03,22:49,00:00,00:00
2034-06-15,00:00,03:21,04:35,05:21,22:03,22:48,00:00,00:00
2034-06-14,00:00,03:21,04:36,05:21,22:02,22:48,00:00,00:00
2034-06-13,00:00,03:22,04:36,05:21,22:02,22:47,00:00,00:00
2034-06-12,00:00,03:23,04:36,05:21,22:01,22:46,00:00,00:00
2034-06-11,00:00,03:23,04:37,05:22,22:01,22:46,23:59,00:00
2034-06-10,00:00,03:24,04:37,05:22,22:00,22:45,23:57,00:00
2034-06-09,00:00,03:25,04:37,05:22,21:59,22:44,23:56,00:00
2034-06-08,00:00,03:26,04:38,05:23,21:58,22:43,23:55,00:00
2034-06-07,00:00,03:27,04:39,05:23,21:57,22:42,23:53,00:00
2034-06-06,00:00,03:29,04:39,05:24,21:57,22:41,23:52,00:00
2034-06-05,00:00,03:30,04:40,05:24,21:56,22:40,23:50,00:00
2034-06-04,00:00,03:31,04:41,05:25,21:55,22:39,23:48,00:00
2034-06-03,00:00,03:33,04:42,05:26,21:54,22:37,23:46,00:00
2034-06-02,00:00,03:34,04:43,05:26,21:53,22:36,23:45,00:00
2034-06-01,00:00,03:36,04:44,05:27,21:51,22:35,23:43,00:00
2034-05-31,00:00,03:38,04:45,05:28,21:50,22:34,23:41,00:00
2034-05-30,00:00,03:39,04:46,05:29,21:49,22:32,23:39,00:00
2034-05-29,00:00,03:41,04:47,05:30,21:48,22:31,23:37,00:00
2034-05-28,00:00,03:43,04:48,05:31,21:47,22:29,23:35,00:00
2034-05-27,00:00,03:45,04:49,05:32,21:46,22:28,23:32,00:00
2034-05-26,00:00,03:47,04:50,05:33,21:44,22:27,23:30,00:00
2034-05-25,00:00,03:49,04:52,05:34,21:43,22:25,23:28,00:00
2034-05-24,00:00,03:51,04:53,05:35,21:42,22:23,23:26,00:00
2034-05-23,00:00,03:53,04:55,05:36,21:40,22:22,23:24,00:00
2034-05-22,00:00,03:55,04:56,05:37,21:39,22:20,23:21,00:00
2034-05-21,00:00,03:57,04:57,05:38,21:38,22:19,23:19,00:00
2034-05-20,02:11,03:59,04:59,05:40,21:36,22:17,23:17,00:00
2034-05-19,02:19,04:01,05:01,05:41,21:35,22:15,23:15,00:00
2034-05-18,02:26,04:03,05:02,05:42,21:33,22:14,23:12,00:00
2034-05-17,02:33,04:06,05:04,05:44,21:32,22:12,23:10,00:00
2034-05-16,02:38,04:08,05:05,05:45,21:30,22:10,23:08,00:00
2034-05-15,02:44,04:10,05:07,05:47,21:29,22:08,23:05,00:00
2034-05-14,02:49,04:13,05:09,05:48,21:27,22:07,23:03,00:00
2034-05-13,02:54,04:15,05:11,05:50,21:26,22:05,23:01,00:00
2034-05-12,02:58,04:17,05:12,05:51,21:24,22:03,22:58,00:00
2034-05-11,03:03,04:20,05:14,05:53,21:23,22:01,22:56,00:00
2034-05-10,03:07,04:22,05:16,05:55,21:21,21:59,22:54,00:00
2034-05-09,03:11,04:24,05:18,05:56,21:19,21:58,22:51,00:00
2034-05-08,03:16,04:27,05:20,05:58,21:18,21:56,22:49,00:00
2034-05-07,03:20,04:29,05:22,06:00,21:16,21:54,22:47,23:56
2034-05-06,03:24,04:32,05:24,06:01,21:15,21:52,22:44,23:53
2034-05-05,03:27,04:34,05:26,06:03,21:13,21:50,22:42,23:49
2034-05-04,03:31,04:37,05:28,06:05,21:11,21:48,22:40,23:45
2034-05-03,03:35,04:39,05:30,06:07,21:10,21:47,22:37,23:42
2034-05-02,03:39,04:42,05:32,06:09,21:08,21:45,22:35,23:38
2034-05-01,03:42,04:44,05:34,06:11,21:06,21:43,22:33,23:35
2034-04-30,03:46,04:47,05:36,06:12,21:05,21:41,22:30,23:31
2034-04-29,03:49,04:49,05:38,06:14,21:03,21:39,22:28,23:28
2034-04-28,03:53,04:52,05:40,06:16,21:01,21:37,22:26,23:25
2034-04-27,03:56,04:54,05:43,06:18,21:00,21:35,22:24,23:22
2034-04-26,04:00,04:57,05:45,06:20,20:58,21:34,22:21,23:19
2034-04-25,04:03,05:00,05:47,06:22,20:56,21:32,22:19,23:15
2034-04-24,04:07,05:02,05:49,06:24,20:55,21:30,22:17,23:12
2034-04-23,04:10,05:05,05:51,06:26,20:53,21:28,22:15,23:09
2034-04-22,04:13,05:07,05:54,06:28,20:51,21:26,22:13,23:07
2034-04-21,04:16,05:10,05:56,06:30,20:50,21:24,22:10,23:04
2034-04-20,04:20,05:12,05:58,06:33,20:48,21:23,22:08,23:01
2034-04-19,04:23,05:15,06:00,06:35,20:46,21:21,22:06,22:58
2034-04-18,04:26,05:18,06:03,06:37,20:45,21:19,22:04,22:55
2034-04-17,04:29,05:20,06:05,06:39,20:43,21:17,22:02,22:53
2034-04-16,04:32,05:23,06:07,06:41,20:41,21:15,22:00,22:50
2034-04-15,04:36,05:25,06:09,06:43,20:40,21:13,21:58,22:47
2034-04-14,04:39,05:28,06:12,06:45,20:38,21:12,21:55,22:45
2034-04-13,04:42,05:30,06:14,06:48,20:36,21:10,21:53,22:42
2034-04-12,04:45,05:33,06:16,06:50,20:35,21:08,21:51,22:39
2034-04-11,04:48,05:36,06:19,06:52,20:33,21:06,21:49,22:37
2034-04-10,04:51,05:38,06:21,06:54,20:31,21:04,21:47,22:34
2034-04-09,04:54,05:41,06:23,06:56,20:30,21:03,21:45,22:32
2034-04-08,04:57,05:43,06:26,06:59,20:28,21:01,21:43,22:30
2034-04-07,05:00,05:46,06:28,07:01,20:26,20:59,21:41,22:27
2034-04-06,05:03,05:48,06:30,07:03,20:24,20:57,21:39,22:25
2034-04-05,05:06,05:51,06:33,07:05,20:23,20:55,21:37,22:22
2034-04-04,05:09,05:53,06:35,07:08,20:21,20:54,21:35,22:20
2034-04-03,05:11,05:56,06:37,07:10,20:19,20:52,21:33,22:18
2034-04-02,05:14,05:59,06:40,07:12,20:18,20:50,21:31,22:16
2034-04-01,05:17,06:01,06:42,07:14,20:16,20:48,21:29,22:13
2034-03-31,05:20,06:04,06:44,07:17,20:14,20:47,21:27,22:11
2034-03-30,05:23,06:06,06:47,07:19,20:13,20:45,21:26,22:09
2034-03-29,05:26,06:09,06:49,07:21,20:11,20:43,21:24,22:07
2034-03-28,05:28,06:11,06:52,07:24,20:09,20:41,21:22,22:05
2034-03-27,05:31,06:14,06:54,07:26,20:08,20:40,21:20,22:02
2034-03-26,05:34,06:16,07:56,08:28,20:06,20:38,21:18,22:00
2034-03-25,04:36,05:19,05:59,06:30,19:04,19:36,20:16,20:58
2034-03-24,04:39,05:21,06:01,06:33,19:03,19:34,20:14,20:56
2034-03-23,04:42,05:23,06:03,06:35,19:01,19:33,20:12,20:54
2034-03-22,04:44,05:26,06:06,06:37,18:59,19:31,20:11,20:52
2034-03-21,04:47,05:28,06:08,06:40,18:57,19:29,20:09,20:50
2034-03-20,04:50,05:31,06:10,06:42,18:56,19:27,20:07,20:48
2034-03-19,04:52,05:33,06:13,06:44,18:54,19:26,20:05,20:46
2034-03-18,04:55,05:36,06:15,06:46,18:52,19:24,20:03,20:44
2034-03-17,04:57,05:38,06:17,06:49,18:51,19:22,20:01,20:42
2034-03-16,05:00,05:40,06:19,06:51,18:49,19:21,20:00,20:40
2034-03-15,05:02,05:43,06:22,06:53,18:47,19:19,19:58,20:38
2034-03-14,05:05,05:45,06:24,06:56,18:46,19:17,19:56,20:36
2034-03-13,05:07,05:47,06:26,06:58,18:44,19:15,19:54,20:34
2034-03-12,05:10,05:50,06:29,07:00,18:42,19:14,19:53,20:32
2034-03-11,05:12,05:52,06:31,07:02,18:40,19:12,19:51,20:31
2034-03-10,05:15,05:54,06:33,07:05,18:39,19:10,19:49,20:29
2034-03-09,05:17,05:56,06:35,07:07,18:37,19:09,19:47,20:27
2034-03-08,05:19,05:59,06:37,07:09,18:35,19:07,19:46,20:25
2034-03-07,05:22,06:01,06:40,07:11,18:33,19:05,19:44,20:23
2034-03-06,05:24,06:03,06:42,07:13,18:32,19:03,19:42,20:21
2034-03-05,05:26,06:05,06:44,07:16,18:30,19:02,19:40,20:20
2034-03-04,05:28,06:08,06:46,07:18,18:28,19:00,19:39,20:18
2034-03-03,05:31,06:10,06:48,07:20,18:26,18:58,19:37,20:16
2034-03-02,05:33,06:12,06:50,07:22,18:25,18:56,19:35,20:14
2034-03-01,05:35,06:14,06:53,07:24,18:23,18:55,19:33,20:12
2034-02-28,05:37,06:16,06:55,07:27,18:21,18:53,19:32,20:11
2034-02-27,05:39,06:18,06:57,07:29,18:19,18:51,19:30,20:09
2034-02-26,05:41,06:20,06:59,07:31,18:18,18:50,19:28,20:07
2034-02-25,05:43,06:22,07:01,07:33,18:16,18:48,19:27,20:05
2034-02-24,05:45,06:24,07:03,07:35,18:14,18:46,19:25,20:04
2034-02-23,05:47,06:26,07:05,07:37,18:12,18:44,19:23,20:02
2034-02-22,05:49,06:28,07:07,07:39,18:10,18:43,19:21,20:00
2034-02-21,05:51,06:30,07:09,07:41,18:09,18:41,19:20,19:58
2034-02-20,05:53,06:32,07:11,07:43,18:07,18:39,19:18,19:57
2034-02-19,05:55,06:34,07:13,07:45,18:05,18:37,19:16,19:55
2034-02-18,05:57,06:36,07:15,07:47,18:03,18:36,19:15,19:53
2034-02-17,05:59,06:38,07:17,07:49,18:01,18:34,19:13,19:52
2034-02-16,06:01,06:39,07:19,07:51,18:00,18:32,19:11,19:50
2034-02-15,06:03,06:41,07:20,07:53,17:58,18:31,19:10,19:48
2034-02-14,06:04,06:43,07:22,07:55,17:56,18:29,19:08,19:47
2034-02-13,06:06,06:45,07:24,07:57,17:54,18:27,19:06,19:45
2034-02-12,06:08,06:46,07:26,07:59,17:52,18:25,19:05,19:43
2034-02-11,06:09,06:48,07:28,08:01,17:50,18:24,19:03,19:42
2034-02-10,06:11,06:50,07:29,08:03,17:49,18:22,19:01,19:40
2034-02-09,06:13,06:51,07:31,08:04,17:47,18:20,19:00,19:38
2034-02-08,06:14,06:53,07:33,08:06,17:45,18:18,18:58,19:37
2034-02-07,06:16,06:55,07:34,08:08,17:43,18:17,18:56,19:35
2034-02-06,06:17,06:56,07:36,08:10,17:41,18:15,18:55,19:34
2034-02-05,06:19,06:58,07:37,08:11,17:39,18:13,18:53,19:32
2034-02-04,06:20,06:59,07:39,08:13,17:38,18:12,18:52,19:31
2034-02-03,06:21,07:00,07:40,08:14,17:36,18:10,18:50,19:29
2034-02-02,06:23,07:02,07:42,08:16,17:34,18:08,18:48,19:27
2034-02-01,06:24,07:03,07:43,08:18,17:32,18:07,18:47,19:26
2034-01-31,06:25,07:04,07:45,08:19,17:30,18:05,18:45,19:24
2034-01-30,06:26,07:06,07:46,08:21,17:29,18:03,18:44,19:23
2034-01-29,06:28,07:07,07:47,08:22,17:27,18:02,18:42,19:21
2034-01-28,06:29,07:08,07:49,08:24,17:25,18:00,18:40,19:20
2034-01-27,06:30,07:09,07:50,08:25,17:23,17:58,18:39,19:18
2034-01-26,06:31,07:10,07:51,08:26,17:22,17:57,18:37,19:17
2034-01-25,06:32,07:11,07:52,08:28,17:20,17:55,18:36,19:15
2034-01-24,06:33,07:12,07:54,08:29,17:18,17:53,18:34,19:14
2034-01-23,06:34,07:13,07:55,08:30,17:16,17:52,18:33,19:12
2034-01-22,06:35,07:14,07:56,08:31,17:15,17:50,18:31,19:11
2034-01-21,06:36,07:15,07:57,08:32,17:13,17:49,18:30,19:10
2034-01-20,06:36,07:16,07:58,08:34,17:11,17:47,18:29,19:08
2034-01-19,06:37,07:17,07:59,08:35,17:10,17:46,18:27,19:07
2034-01-18,06:38,07:18,07:59,08:36,17:08,17:44,18:26,19:06
2034-01-17,06:39,07:19,08:00,08:37,17:06,17:43,18:24,19:04
2034-01-16,06:39,07:19,08:01,08:37,17:05,17:41,18:23,19:03
2034-01-15,06:40,07:20,08:02,08:38,17:03,17:40,18:22,19:02
2034-01-14,06:40,07:21,08:03,08:39,17:02,17:38,18:20,19:00
2034-01-13,06:41,07:21,08:03,08:40,17:00,17:37,18:19,18:59
2034-01-12,06:41,07:22,08:04,08:41,16:59,17:36,18:18,18:58
2034-01-11,06:42,07:22,08:04,08:41,16:57,17:34,18:16,18:57
2034-01-10,06:42,07:23,08:05,08:42,16:56,17:33,18:15,18:56
2034-01-09,06:43,07:23,08:05,08:43,16:54,17:32,18:14,18:54
2034-01-08,06:43,07:23,08:06,08:43,16:53,17:30,18:13,18:53
2034-01-07,06:43,07:24,08:06,08:44,16:52,17:29,18:12,18:52
2034-01-06,06:43,07:24,08:07,08:44,16:51,17:28,18:11,18:51
2034-01-05,06:43,07:24,08:07,08:44,16:49,17:27,18:10,18:50
2034-01-04,06:44,07:24,08:07,08:45,16:48,17:26,18:09,18:49
2034-01-03,06:44,07:24,08:07,08:45,16:47,17:25,18:07,18:48
2034-01-02,06:44,07:24,08:07,08:45,16:46,17:24,18:07,18:47
2034-01-01,06:44,07:24,08:07,08:45,16:45,17:23,18:06,18:46
2033-12-31,06:44,07:24,08:07,08:45,16:44,17:22,18:05,18:45
2033-12-30,06:43,07:24,08:07,08:45,16:43,17:21,18:04,18:45
2033-12-29,06:43,07:24,08:07,08:45,16:42,17:20,18:03,18:44
2033-12-28,06:43,07:24,08:07,08:45,16:41,17:19,18:02,18:43
2033-12-27,06:43,07:24,08:07,08:45,16:40,17:18,18:01,18:42
2033-12-26,06:43,07:23,08:07,08:45,16:39,17:17,18:01,18:41
2033-12-25,06:42,07:23,08:06,08:45,16:39,17:17,18:00,18:41
2033-12-24,06:42,07:23,08:06,08:44,16:38,17:16,17:59,18:40
2033-12-23,06:42,07:22,08:06,08:44,16:37,17:15,17:59,18:40
2033-12-22,06:41,07:22,08:05,08:43,16:37,17:15,17:58,18:39
2033-12-21,06:41,07:22,08:05,08:43,16:36,17:14,17:58,18:39
2033-12-20,06:40,07:21,08:04,08:42,16:36,17:14,17:57,18:38
2033-12-19,06:40,07:20,08:04,08:42,16:35,17:13,17:57,18:38
2033-12-18,06:39,07:20,08:03,08:41,16:35,17:13,17:56,18:37
2033-12-17,06:38,07:19,08:02,08:41,16:35,17:13,17:56,18:37
2033-12-16,06:38,07:18,08:02,08:40,16:34,17:13,17:56,18:37
2033-12-15,06:37,07:18,08:01,08:39,16:34,17:12,17:55,18:36
2033-12-14,06:36,07:17,08:00,08:38,16:34,17:12,17:55,18:36
2033-12-13,06:35,07:16,07:59,08:37,16:34,17:12,17:55,18:36
2033-12-12,06:35,07:15,07:58,08:36,16:34,17:12,17:55,18:36
2033-12-11,06:34,07:15,07:58,08:35,16:34,17:12,17:55,18:36
2033-12-10,06:33,07:14,07:57,08:34,16:34,17:12,17:55,18:36
2033-12-09,06:32,07:13,07:56,08:33,16:34,17:12,17:55,18:36
2033-12-08,06:31,07:12,07:55,08:32,16:34,17:12,17:55,18:36
2033-12-07,06:30,07:11,07:54,08:31,16:35,17:12,17:55,18:36
2033-12-06,06:29,07:10,07:52,08:30,16:35,17:13,17:55,18:36
2033-12-05,06:28,07:09,07:51,08:29,16:35,17:13,17:56,18:36
2033-12-04,06:27,07:08,07:50,08:27,16:36,17:13,17:56,18:36
2033-12-03,06:26,07:06,07:49,08:26,16:36,17:14,17:56,18:37
2033-12-02,06:25,07:05,07:48,08:25,16:37,17:14,17:57,18:37
2033-12-01,06:24,07:04,07:46,08:23,16:38,17:15,17:57,18:37
2033-11-30,06:23,07:03,07:45,08:22,16:38,17:15,17:57,18:38
2033-11-29,06:21,07:02,07:44,08:21,16:39,17:16,17:58,18:38
2033-11-28,06:20,07:00,07:43,08:19,16:40,17:16,17:58,18:39
2033-11-27,06:19,06:59,07:41,08:18,16:40,17:17,17:59,18:39
2033-11-26,06:18,06:58,07:40,08:16,16:41,17:18,18:00,18:40
2033-11-25,06:17,06:57,07:38,08:15,16:42,17:19,18:00,18:40
2033-11-24,06:15,06:55,07:37,08:13,16:43,17:19,18:01,18:41
2033-11-23,06:14,06:54,07:35,08:12,16:44,17:20,18:02,18:42
2033-11-22,06:13,06:53,07:34,08:10,16:45,17:21,18:03,18:42
2033-11-21,06:11,06:51,07:33,08:08,16:46,17:22,18:03,18:43
2033-11-20,06:10,06:50,07:31,08:07,16:47,17:23,18:04,18:44
2033-11-19,06:09,06:48,07:30,08:05,16:49,17:24,18:05,18:45
2033-11-18,06:07,06:47,07:28,08:03,16:50,17:25,18:06,18:46
2033-11-17,06:06,06:45,07:26,08:02,16:51,17:26,18:07,18:47
2033-11-16,06:05,06:44,07:25,08:00,16:52,17:27,18:08,18:48
2033-11-15,06:03,06:43,07:23,07:58,16:54,17:29,18:10,18:49
2033-11-14,06:02,06:41,07:22,07:57,16:55,17:30,18:11,18:50
2033-11-13,06:00,06:40,07:20,07:55,16:56,17:31,18:12,18:51
2033-11-12,05:59,06:38,07:19,07:53,16:58,17:33,18:13,18:52
2033-11-11,05:57,06:37,07:17,07:52,16:59,17:34,18:14,18:54
2033-11-10,05:56,06:35,07:15,07:50,17:01,17:35,18:16,18:55
2033-11-09,05:54,06:33,07:14,07:48,17:02,17:37,18:17,18:56
2033-11-08,05:53,06:32,07:12,07:46,17:04,17:38,18:18,18:57
2033-11-07,05:51,06:30,07:10,07:45,17:06,17:40,18:20,18:59
2033-11-06,05:50,06:29,07:09,07:43,17:07,17:41,18:21,19:00
2033-11-05,05:48,06:27,07:07,07:41,17:09,17:43,18:23,19:02
2033-11-04,05:47,06:26,07:06,07:39,17:11,17:44,18:24,19:03
2033-11-03,05:45,06:24,07:04,07:38,17:12,17:46,18:26,19:05
2033-11-02,05:44,06:23,07:02,07:36,17:14,17:48,18:27,19:06
2033-11-01,05:42,06:21,07:01,07:34,17:16,17:49,18:29,19:08
2033-10-31,05:41,06:19,06:59,07:32,17:18,17:51,18:30,19:09
2033-10-30,05:39,06:18,06:57,07:31,17:20,17:53,18:32,19:11
2033-10-29,06:38,07:16,07:56,08:29,18:21,18:55,19:34,20:13
2033-10-28,06:36,07:15,07:54,08:27,18:23,18:56,19:36,20:14
2033-10-27,06:34,07:13,07:52,08:25,18:25,18:58,19:37,20:16
2033-10-26,06:33,07:12,07:51,08:23,18:27,19:00,19:39,20:18
2033-10-25,06:31,07:10,07:49,08:22,18:29,19:02,19:41,20:20
2033-10-24,06:30,07:08,07:47,08:20,18:31,19:04,19:43,20:21
2033-10-23,06:28,07:07,07:46,08:18,18:33,19:06,19:45,20:23
2033-10-22,06:26,07:05,07:44,08:17,18:35,19:08,19:47,20:25
2033-10-21,06:25,07:03,07:42,08:15,18:37,19:10,19:48,20:27
2033-10-20,06:23,07:02,07:41,08:13,18:39,19:12,19:50,20:29
2033-10-19,06:22,07:00,07:39,08:11,18:41,19:14,19:52,20:31
2033-10-18,06:20,06:59,07:37,08:10,18:43,19:16,19:54,20:33
2033-10-17,06:18,06:57,07:36,08:08,18:45,19:18,19:56,20:35
2033-10-16,06:17,06:55,07:34,08:06,18:48,19:20,19:58,20:37
2033-10-15,06:15,06:54,07:32,08:04,18:50,19:22,20:00,20:39
2033-10-14,06:13,06:52,07:31,08:03,18:52,19:24,20:02,20:41
2033-10-13,06:12,06:51,07:29,08:01,18:54,19:26,20:05,20:43
2033-10-12,06:10,06:49,07:28,07:59,18:56,19:28,20:07,20:46
2033-10-11,06:08,06:47,07:26,07:58,18:58,19:30,20:09,20:48
2033-10-10,06:07,06:46,07:24,07:56,19:01,19:32,20:11,20:50
2033-10-09,06:05,06:44,07:23,07:54,19:03,19:35,20:13,20:52
2033-10-08,06:03,06:42,07:21,07:53,19:05,19:37,20:15,20:55
2033-10-07,06:01,06:41,07:19,07:51,19:07,19:39,20:18,20:57
2033-10-06,06:00,06:39,07:18,07:49,19:09,19:41,20:20,20:59
2033-10-05,05:58,06:37,07:16,07:48,19:12,19:43,20:22,21:01
2033-10-04,05:56,06:36,07:14,07:46,19:14,19:46,20:24,21:04
2033-10-03,05:54,06:34,07:13,07:44,19:16,19:48,20:27,21:06
2033-10-02,05:53,06:32,07:11,07:43,19:18,19:50,20:29,21:09
2033-10-01,05:51,06:31,07:10,07:41,19:21,19:52,20:31,21:11
2033-09-30,05:49,06:29,07:08,07:39,19:23,19:55,20:34,21:13
2033-09-29,05:47,06:27,07:06,07:38,19:25,19:57,20:36,21:16
2033-09-28,05:45,06:26,07:05,07:36,19:28,19:59,20:38,21:18
2033-09-27,05:44,06:24,07:03,07:35,19:30,20:02,20:41,21:21
2033-09-26,05:42,06:22,07:01,07:33,19:32,20:04,20:43,21:23
2033-09-25,05:40,06:21,07:00,07:31,19:35,20:06,20:45,21:26
2033-09-24,05:38,06:19,06:58,07:30,19:37,20:08,20:48,21:29
2033-09-23,05:36,06:17,06:56,07:28,19:39,20:11,20:50,21:31
2033-09-22,05:34,06:15,06:55,07:27,19:41,20:13,20:53,21:34
2033-09-21,05:32,06:14,06:53,07:25,19:44,20:16,20:55,21:36
2033-09-20,05:30,06:12,06:52,07:23,19:46,20:18,20:58,21:39
2033-09-19,05:28,06:10,06:50,07:22,19:48,20:20,21:00,21:42
2033-09-18,05:26,06:08,06:48,07:20,19:51,20:23,21:02,21:44
2033-09-17,05:24,06:07,06:47,07:18,19:53,20:25,21:05,21:47
2033-09-16,05:22,06:05,06:45,07:17,19:55,20:27,21:07,21:50
2033-09-15,05:20,06:03,06:43,07:15,19:58,20:30,21:10,21:53
2033-09-14,05:18,06:01,06:42,07:14,20:00,20:32,21:12,21:55
2033-09-13,05:16,05:59,06:40,07:12,20:02,20:34,21:15,21:58
2033-09-12,05:14,05:58,06:38,07:10,20:05,20:37,21:18,22:01
2033-09-11,05:12,05:56,06:37,07:09,20:07,20:39,21:20,22:04
2033-09-10,05:10,05:54,06:35,07:07,20:09,20:42,21:23,22:07
2033-09-09,05:08,05:52,06:33,07:06,20:12,20:44,21:25,22:09
2033-09-08,05:06,05:50,06:32,07:04,20:14,20:46,21:28,22:12
2033-09-07,05:03,05:48,06:30,07:02,20:16,20:49,21:30,22:15
2033-09-06,05:01,05:46,06:28,07:01,20:18,20:51,21:33,22:18
2033-09-05,04:59,05:45,06:27,06:59,20:21,20:53,21:35,22:21
2033-09-04,04:57,05:43,06:25,06:58,20:23,20:56,21:38,22:24
2033-09-03,04:54,05:41,06:23,06:56,20:25,20:58,21:41,22:27
2033-09-02,04:52,05:39,06:21,06:54,20:27,21:01,21:43,22:30
2033-09-01,04:50,05:37,06:20,06:53,20:30,21:03,21:46,22:33
2033-08-31,04:47,05:35,06:18,06:51,20:32,21:05,21:48,22:36
2033-08-30,04:45,05:33,06:16,06:50,20:34,21:08,21:51,22:39
2033-08-29,04:42,05:31,06:15,06:48,20:36,21:10,21:53,22:42
2033-08-28,04:40,05:29,06:13,06:46,20:39,21:12,21:56,22:45
2033-08-27,04:37,05:27,06:11,06:45,20:41,21:15,21:59,22:48
2033-08-26,04:35,05:25,06:09,06:43,20:43,21:17,22:01,22:51
2033-08-25,04:32,05:23,06:08,06:42,20:45,21:19,22:04,22:55
2033-08-24,04:30,05:21,06:06,06:40,20:47,21:22,22:06,22:58
2033-08-23,04:27,05:19,06:04,06:38,20:49,21:24,22:09,23:01
2033-08-22,04:24,05:17,06:02,06:37,20:52,21:26,22:12,23:04
2033-08-21,04:22,05:15,06:01,06:35,20:54,21:28,22:14,23:07
2033-08-20,04:19,05:13,05:59,06:34,20:56,21:31,22:17,23:11
2033-08-19,04:16,05:10,05:57,06:32,20:58,21:33,22:19,23:14
2033-08-18,04:13,05:08,05:55,06:30,21:00,21:35,22:22,23:17
2033-08-17,04:10,05:06,05:54,06:29,21:02,21:37,22:25,23:21
2033-08-16,04:07,05:04,05:52,06:27,21:04,21:40,22:27,23:24
2033-08-15,04:04,05:02,05:50,06:26,21:06,21:42,22:30,23:28
2033-08-14,04:01,05:00,05:48,06:24,21:08,21:44,22:32,23:31
2033-08-13,03:58,04:58,05:46,06:22,21:10,21:46,22:35,23:34
2033-08-12,03:55,04:55,05:45,06:21,21:12,21:48,22:37,23:38
2033-08-11,03:52,04:53,05:43,06:19,21:14,21:50,22:40,23:42
2033-08-10,03:48,04:51,05:41,06:18,21:16,21:52,22:43,23:45
2033-08-09,03:45,04:49,05:39,06:16,21:18,21:55,22:45,23:49
2033-08-08,03:41,04:46,05:37,06:15,21:20,21:57,22:48,23:53
2033-08-07,03:38,04:44,05:36,06:13,21:21,21:59,22:50,23:56
2033-08-06,03:34,04:42,05:34,06:11,21:23,22:01,22:53,00:00
2033-08-05,03:31,04:40,05:32,06:10,21:25,22:03,22:55,00:00
2033-08-04,03:27,04:37,05:30,06:08,21:27,22:05,22:58,00:00
2033-08-03,03:23,04:35,05:29,06:07,21:28,22:07,23:00,00:00
2033-08-02,03:19,04:33,05:27,06:05,21:30,22:09,23:02,00:00
2033-08-01,03:15,04:31,05:25,06:04,21:32,22:10,23:05,00:00
2033-07-31,03:10,04:28,05:23,06:02,21:33,22:12,23:07,00:00
2033-07-30,03:06,04:26,05:22,06:01,21:35,22:14,23:10,00:00
2033-07-29,03:01,04:24,05:20,05:59,21:37,22:16,23:12,00:00
2033-07-28,02:56,04:21,05:18,05:58,21:38,22:18,23:14,00:00
2033-07-27,02:51,04:19,05:16,05:56,21:40,22:19,23:17,00:00
2033-07-26,02:46,04:17,05:15,05:55,21:41,22:21,23:19,00:00
2033-07-25,02:40,04:15,05:13,05:53,21:43,22:23,23:21,00:00
2033-07-24,02:33,04:12,05:11,05:52,21:44,22:24,23:24,00:00
2033-07-23,02:25,04:10,05:10,05:50,21:45,22:26,23:26,00:00
2033-07-22,02:16,04:08,05:08,05:49,21:47,22:28,23:28,00:00
2033-07-21,02:02,04:06,05:07,05:48,21:48,22:29,23:30,00:00
2033-07-20,00:00,04:03,05:05,05:46,21:49,22:31,23:32,00:00
2033-07-19,00:00,04:01,05:03,05:45,21:50,22:32,23:34,00:00
2033-07-18,00:00,03:59,05:02,05:44,21:52,22:34,23:36,00:00
2033-07-17,00:00,03:57,05:00,05:42,21:53,22:35,23:38,00:00
2033-07-16,00:00,03:55,04:59,05:41,21:54,22:36,23:40,00:00
2033-07-15,00:00,03:53,04:57,05:40,21:55,22:37,23:42,00:00
2033-07-14,00:00,03:51,04:56,05:39,21:56,22:39,23:44,00:00
2033-07-13,00:00,03:49,04:55,05:38,21:57,22:40,23:46,00:00
2033-07-12,00:00,03:47,04:53,05:36,21:58,22:41,23:48,00:00
2033-07-11,00:00,03:45,04:52,05:35,21:59,22:42,23:49,00:00
2033-07-10,00:00,03:43,04:51,05:34,21:59,22:43,23:51,00:00
2033-07-09,00:00,03:41,04:49,05:33,22:00,22:44,23:52,00:00
2033-07-08,00:00,03:39,04:48,05:32,22:01,22:45,23:54,00:00
2033-07-07,00:00,03:37,04:47,05:31,22:02,22:46,23:55,00:00
2033-07-06,00:00,03:36,04:46,05:30,22:02,22:46,23:57,00:00
2033-07-05,00:00,03:34,04:45,05:29,22:03,22:47,23:58,00:00
2033-07-04,00:00,03:33,04:44,05:29,22:03,22:48,23:59,00:00
2033-07-03,00:00,03:31,04:43,05:28,22:04,22:48,00:00,00:00
2033-07-02,00:00,03:30,04:42,05:27,22:04,22:49,00:00,00:00
2033-07-01,00:00,03:28,04:41,05:26,22:04,22:50,00:00,00:00
2033-06-30,00:00,03:27,04:40,05:26,22:05,22:50,00:00,00:00
2033-06-29,00:00,03:26,04:40,05:25,22:05,22:50,00:00,00:00
2033-06-28,00:00,03:25,04:39,05:24,22:05,22:51,00:00,00:00
2033-06-27,00:00,03:24,04:38,05:24,22:05,22:51,00:00,00:00
2033-06-26,00:00,03:23,04:38,05:23,22:05,22:51,00:00,00:00
2033-06-25,00:00,03:22,04:37,05:23,22:06,22:51,00:00,00:00
2033-06-24,00:00,03:22,04:37,05:22,22:06,22:51,00:00,00:00
2033-06-23,00:00,03:21,04:36,05:22,22:05,22:51,00:00,00:00
2033-06-22,00:00,03:21,04:36,05:22,22:05,22:51,00:00,00:00
2033-06-21,00:00,03:20,04:36,05:21,22:05,22:51,00:00,00:00
2033-06-20,00:00,03:20,04:36,05:21,22:05,22:51,00:00,00:00
2033-06-19,00:00,03:20,04:35,05:21,22:05,22:50,00:00,00:00
2033-06-18,00:00,03:20,04:35,05:21,22:04,22:50,00:00,00:00
2033-06-17,00:00,03:20,04:35,05:21,22:04,22:50,00:00,00:00
2033-06-16,00:00,03:21,04:35,05:21,22:04,22:49,00:00,00:00
2033-06-15,00:00,03:21,04:35,05:21,22:03,22:49,00:00,00:00
2033-06-14,00:00,03:21,04:36,05:21,22:03,22:48,00:00,00:00
2033-06-13,00:00,03:22,04:36,05:21,22:02,22:47,00:00,00:00
2033-06-12,00:00,03:23,04:36,05:21,22:01,22:47,00:00,00:00
2033-06-11,00:00,03:23,04:36,05:22,22:01,22:46,23:59,00:00
2033-06-10,00:00,03:24,04:37,05:22,22:00,22:45,23:58,00:00
2033-06-09,00:00,03:25,04:37,05:22,21:59,22:44,23:56,00:00
2033-06-08,00:00,03:26,04:38,05:23,21:58,22:43,23:55,00:00
2033-06-07,00:00,03:27,04:38,05:23,21:58,22:42,23:54,00:00
2033-06-06,00:00,03:28,04:39,05:24,21:57,22:41,23:52,00:00
2033-06-05,00:00,03:30,04:40,05:24,21:56,22:40,23:50,00:00
2033-06-04,00:00,03:31,04:41,05:25,21:55,22:39,23:49,00:00
2033-06-03,00:00,03:32,04:41,05:25,21:54,22:38,23:47,00:00
2033-06-02,00:00,03:34,04:42,05:26,21:53,22:37,23:45,00:00
2033-06-01,00:00,03:36,04:43,05:27,21:52,22:35,23:43,00:00
2033-05-31,00:00,03:37,04:44,05:28,21:51,22:34,23:41,00:00
2033-05-30,00:00,03:39,04:45,05:29,21:49,22:33,23:39,00:00
2033-05-29,00:00,03:41,04:47,05:29,21:48,22:31,23:37,00:00
2033-05-28,00:00,03:42,04:48,05:30,21:47,22:30,23:35,00:00
2033-05-27,00:00,03:44,04:49,05:31,21:46,22:28,23:33,00:00
2033-05-26,00:00,03:46,04:50,05:32,21:45,22:27,23:31,00:00
2033-05-25,00:00,03:48,04:51,05:33,21:43,22:25,23:29,00:00
2033-05-24,00:00,03:50,04:53,05:35,21:42,22:24,23:26,00:00
2033-05-23,00:00,03:52,04:54,05:36,21:41,22:22,23:24,00:00
2033-05-22,00:00,03:54,04:56,05:37,21:39,22:21,23:22,00:00
2033-05-21,00:00,03:56,04:57,05:38,21:38,22:19,23:20,00:00
2033-05-20,02:08,03:58,04:59,05:39,21:36,22:17,23:17,00:00
2033-05-19,02:17,04:01,05:00,05:41,21:35,22:16,23:15,00:00
2033-05-18,02:25,04:03,05:02,05:42,21:34,22:14,23:13,00:00
2033-05-17,02:31,04:05,05:03,05:44,21:32,22:12,23:11,00:00
2033-05-16,02:37,04:07,05:05,05:45,21:31,22:11,23:08,00:00
2033-05-15,02:42,04:10,05:07,05:46,21:29,22:09,23:06,00:00
2033-05-14,02:48,04:12,05:08,05:48,21:28,22:07,23:04,00:00
2033-05-13,02:52,04:14,05:10,05:49,21:26,22:05,23:01,00:00
2033-05-12,02:57,04:17,05:12,05:51,21:25,22:03,22:59,00:00
2033-05-11,03:02,04:19,05:14,05:53,21:23,22:02,22:57,00:00
2033-05-10,03:06,04:21,05:16,05:54,21:21,22:00,22:54,00:00
2033-05-09,03:10,04:24,05:18,05:56,21:20,21:58,22:52,00:00
2033-05-08,03:15,04:26,05:20,05:58,21:18,21:56,22:49,00:00
2033-05-07,03:19,04:29,05:21,05:59,21:17,21:54,22:47,23:57
2033-05-06,03:23,04:31,05:23,06:01,21:15,21:53,22:45,23:53
2033-05-05,03:26,04:34,05:25,06:03,21:13,21:51,22:42,23:50
2033-05-04,03:30,04:36,05:27,06:05,21:12,21:49,22:40,23:46
2033-05-03,03:34,04:39,05:29,06:06,21:10,21:47,22:38,23:42
2033-05-02,03:38,04:41,05:31,06:08,21:08,21:45,22:36,23:39
2033-05-01,03:41,04:44,05:34,06:10,21:07,21:43,22:33,23:36
2033-04-30,03:45,04:46,05:36,06:12,21:05,21:42,22:31,23:32
2033-04-29,03:49,04:49,05:38,06:14,21:03,21:40,22:29,23:29
2033-04-28,03:52,04:51,05:40,06:16,21:02,21:38,22:26,23:26
2033-04-27,03:56,04:54,05:42,06:18,21:00,21:36,22:24,23:22
2033-04-26,03:59,04:56,05:44,06:20,20:58,21:34,22:22,23:19
2033-04-25,04:02,04:59,05:46,06:22,20:57,21:32,22:20,23:16
2033-04-24,04:06,05:01,05:49,06:24,20:55,21:30,22:17,23:13
2033-04-23,04:09,05:04,05:51,06:26,20:53,21:29,22:15,23:10
2033-04-22,04:12,05:07,05:53,06:28,20:52,21:27,22:13,23:07
2033-04-21,04:16,05:09,05:55,06:30,20:50,21:25,22:11,23:04
2033-04-20,04:19,05:12,05:57,06:32,20:48,21:23,22:09,23:02
2033-04-19,04:22,05:14,06:00,06:34,20:47,21:21,22:07,22:59
2033-04-18,04:25,05:17,06:02,06:36,20:45,21:19,22:04,22:56
2033-04-17,04:29,05:20,06:04,06:38,20:43,21:17,22:02,22:53
2033-04-16,04:32,05:22,06:07,06:41,20:42,21:16,22:00,22:51
2033-04-15,04:35,05:25,06:09,06:43,20:40,21:14,21:58,22:48
2033-04-14,04:38,05:27,06:11,06:45,20:38,21:12,21:56,22:45
2033-04-13,04:41,05:30,06:13,06:47,20:37,21:10,21:54,22:43
2033-04-12,04:44,05:32,06:16,06:49,20:35,21:08,21:52,22:40
2033-04-11,04:47,05:35,06:18,06:51,20:33,21:07,21:50,22:38
2033-04-10,04:50,05:38,06:20,06:54,20:32,21:05,21:48,22:35
2033-04-09,04:53,05:40,06:23,06:56,20:30,21:03,21:46,22:33
2033-04-08,04:56,05:43,06:25,06:58,20:28,21:01,21:44,22:30
2033-04-07,04:59,05:45,06:27,07:00,20:27,20:59,21:42,22:28
2033-04-06,05:02,05:48,06:30,07:03,20:25,20:58,21:40,22:25
2033-04-05,05:05,05:50,06:32,07:05,20:23,20:56,21:38,22:23
2033-04-04,05:08,05:53,06:34,07:07,20:22,20:54,21:36,22:21
2033-04-03,05:11,05:55,06:37,07:09,20:20,20:52,21:34,22:18
2033-04-02,05:14,05:58,06:39,07:12,20:18,20:51,21:32,22:16
2033-04-01,05:16,06:00,06:42,07:14,20:16,20:49,21:30,22:14
2033-03-31,05:19,06:03,06:44,07:16,20:15,20:47,21:28,22:12
2033-03-30,05:22,06:06,06:46,07:18,20:13,20:45,21:26,22:09
2033-03-29,05:25,06:08,06:49,07:21,20:11,20:44,21:24,22:07
2033-03-28,05:28,06:11,06:51,07:23,20:10,20:42,21:22,22:05
2033-03-27,05:30,06:13,06:53,07:25,20:08,20:40,21:20,22:03
2033-03-26,04:33,05:15,05:56,06:28,19:06,19:38,20:18,21:01
2033-03-25,04:36,05:18,05:58,06:30,19:05,19:37,20:17,20:59
2033-03-24,04:38,05:20,06:00,06:32,19:03,19:35,20:15,20:57
2033-03-23,04:41,05:23,06:03,06:34,19:01,19:33,20:13,20:55
2033-03-22,04:44,05:25,06:05,06:37,19:00,19:31,20:11,20:53
2033-03-21,04:46,05:28,06:07,06:39,18:58,19:30,20:09,20:50
2033-03-20,04:49,05:30,06:10,06:41,18:56,19:28,20:07,20:48
2033-03-19,04:52,05:33,06:12,06:44,18:55,19:26,20:06,20:46
2033-03-18,04:54,05:35,06:14,06:46,18:53,19:24,20:04,20:45
2033-03-17,04:57,05:37,06:17,06:48,18:51,19:23,20:02,20:43
2033-03-16,04:59,05:40,06:19,06:50,18:49,19:21,20:00,20:41
2033-03-15,05:02,05:42,06:21,06:53,18:48,19:19,19:58,20:39
2033-03-14,05:04,05:44,06:23,06:55,18:46,19:18,19:57,20:37
2033-03-13,05:07,05:47,06:26,06:57,18:44,19:16,19:55,20:35
2033-03-12,05:09,05:49,06:28,07:00,18:43,19:14,19:53,20:33
2033-03-11,05:12,05:51,06:30,07:02,18:41,19:12,19:51,20:31
2033-03-10,05:14,05:54,06:32,07:04,18:39,19:11,19:49,20:29
2033-03-09,05:16,05:56,06:35,07:06,18:37,19:09,19:48,20:27
2033-03-08,05:19,05:58,06:37,07:09,18:36,19:07,19:46,20:25
2033-03-07,05:21,06:00,06:39,07:11,18:34,19:05,19:44,20:24
2033-03-06,05:23,06:03,06:41,07:13,18:32,19:04,19:42,20:22
2033-03-05,05:26,06:05,06:43,07:15,18:30,19:02,19:41,20:20
2033-03-04,05:28,06:07,06:46,07:17,18:29,19:00,19:39,20:18
2033-03-03,05:30,06:09,06:48,07:20,18:27,18:59,19:37,20:16
2033-03-02,05:32,06:11,06:50,07:22,18:25,18:57,19:36,20:15
2033-03-01,05:34,06:13,06:52,07:24,18:23,18:55,19:34,20:13
2033-02-28,05:37,06:16,06:54,07:26,18:22,18:53,19:32,20:11
2033-02-27,05:39,06:18,06:56,07:28,18:20,18:52,19:30,20:09
2033-02-26,05:41,06:20,06:58,07:30,18:18,18:50,19:29,20:07
2033-02-25,05:43,06:22,07:00,07:32,18:16,18:48,19:27,20:06
2033-02-24,05:45,06:24,07:02,07:35,18:14,18:47,19:25,20:04
2033-02-23,05:47,06:26,07:04,07:37,18:13,18:45,19:24,20:02
2033-02-22,05:49,06:28,07:06,07:39,18:11,18:43,19:22,20:01
2033-02-21,05:51,06:30,07:08,07:41,18:09,18:41,19:20,19:59
2033-02-20,05:53,06:32,07:10,07:43,18:07,18:40,19:18,19:57
2033-02-19,05:55,06:33,07:12,07:45,18:05,18:38,19:17,19:55
2033-02-18,05:57,06:35,07:14,07:47,18:04,18:36,19:15,19:54
2033-02-17,05:59,06:37,07:16,07:49,18:02,18:34,19:13,19:52
2033-02-16,06:00,06:39,07:18,07:51,18:00,18:33,19:12,19:50
2033-02-15,06:02,06:41,07:20,07:53,17:58,18:31,19:10,19:49
2033-02-14,06:04,06:43,07:22,07:55,17:56,18:29,19:08,19:47
2033-02-13,06:06,06:44,07:24,07:57,17:55,18:27,19:07,19:45
2033-02-12,06:07,06:46,07:25,07:58,17:53,18:26,19:05,19:44
2033-02-11,06:09,06:48,07:27,08:00,17:51,18:24,19:03,19:42
2033-02-10,06:11,06:49,07:29,08:02,17:49,18:22,19:02,19:41
2033-02-09,06:12,06:51,07:31,08:04,17:47,18:21,19:00,19:39
2033-02-08,06:14,06:53,07:32,08:06,17:45,18:19,18:58,19:37
2033-02-07,06:15,06:54,07:34,08:07,17:44,18:17,18:57,19:36
2033-02-06,06:17,06:56,07:35,08:09,17:42,18:15,18:55,19:34
2033-02-05,06:18,06:57,07:37,08:11,17:40,18:14,18:54,19:32
2033-02-04,06:20,06:59,07:39,08:12,17:38,18:12,18:52,19:31
2033-02-03,06:21,07:00,07:40,08:14,17:36,18:10,18:50,19:29
2033-02-02,06:22,07:01,07:42,08:16,17:34,18:09,18:49,19:28
2033-02-01,06:24,07:03,07:43,08:17,17:33,18:07,18:47,19:26
2033-01-31,06:25,07:04,07:44,08:19,17:31,18:05,18:46,19:25
2033-01-30,06:26,07:05,07:46,08:20,17:29,18:04,18:44,19:23
2033-01-29,06:27,07:07,07:47,08:22,17:27,18:02,18:42,19:22
2033-01-28,06:29,07:08,07:48,08:23,17:25,18:00,18:41,19:20
2033-01-27,06:30,07:09,07:50,08:25,17:24,17:59,18:39,19:19
2033-01-26,06:31,07:10,07:51,08:26,17:22,17:57,18:38,19:17
2033-01-25,06:32,07:11,07:52,08:27,17:20,17:55,18:36,19:16
2033-01-24,06:33,07:12,07:53,08:29,17:18,17:54,18:35,19:14
2033-01-23,06:34,07:13,07:54,08:30,17:17,17:52,18:33,19:13
2033-01-22,06:35,07:14,07:55,08:31,17:15,17:51,18:32,19:11
2033-01-21,06:35,07:15,07:56,08:32,17:13,17:49,18:30,19:10
2033-01-20,06:36,07:16,07:57,08:33,17:12,17:47,18:29,19:09
2033-01-19,06:37,07:17,07:58,08:34,17:10,17:46,18:27,19:07
2033-01-18,06:38,07:18,07:59,08:35,17:08,17:44,18:26,19:06
2033-01-17,06:39,07:18,08:00,08:36,17:07,17:43,18:25,19:05
2033-01-16,06:39,07:19,08:01,08:37,17:05,17:41,18:23,19:03
2033-01-15,06:40,07:20,08:02,08:38,17:04,17:40,18:22,19:02
2033-01-14,06:40,07:20,08:02,08:39,17:02,17:39,18:21,19:01
2033-01-13,06:41,07:21,08:03,08:40,17:01,17:37,18:19,18:59
2033-01-12,06:41,07:22,08:04,08:41,16:59,17:36,18:18,18:58
2033-01-11,06:42,07:22,08:04,08:41,16:58,17:35,18:17,18:57
2033-01-10,06:42,07:22,08:05,08:42,16:56,17:33,18:16,18:56
2033-01-09,06:43,07:23,08:05,08:42,16:55,17:32,18:14,18:55
2033-01-08,06:43,07:23,08:06,08:43,16:53,17:31,18:13,18:54
2033-01-07,06:43,07:24,08:06,08:43,16:52,17:29,18:12,18:52
2033-01-06,06:43,07:24,08:06,08:44,16:51,17:28,18:11,18:51
2033-01-05,06:43,07:24,08:07,08:44,16:50,17:27,18:10,18:50
2033-01-04,06:44,07:24,08:07,08:45,16:48,17:26,18:09,18:49
2033-01-03,06:44,07:24,08:07,08:45,16:47,17:25,18:08,18:48
2033-01-02,06:44,07:24,08:07,08:45,16:46,17:24,18:07,18:47
2033-01-01,06:44,07:24,08:07,08:45,16:45,17:23,18:06,18:46
2032-12-31,06:44,07:24,08:07,08:45,16:44,17:22,18:05,18:46
2032-12-30,06:44,07:24,08:07,08:45,16:43,17:21,18:04,18:45
2032-12-29,06:43,07:24,08:07,08:45,16:42,17:20,18:03,18:44
2032-12-28,06:43,07:24,08:07,08:45,16:41,17:19,18:02,18:43
2032-12-27,06:43,07:24,08:07,08:45,16:40,17:18,18:02,18:42
2032-12-26,06:43,07:24,08:07,08:45,16:39,17:18,18:01,18:42
2032-12-25,06:42,07:23,08:06,08:45,16:39,17:17,18:00,18:41
2032-12-24,06:42,07:23,08:06,08:44,16:38,17:16,17:59,18:40
2032-12-23,06:42,07:23,08:06,08:44,16:37,17:16,17:59,18:40
2032-12-22,06:41,07:22,08:05,08:44,16:37,17:15,17:58,18:39
2032-12-21,06:41,07:22,08:05,08:43,16:36,17:14,17:58,18:39
2032-12-20,06:40,07:21,08:04,08:43,16:36,17:14,17:57,18:38
2032-12-19,06:40,07:21,08:04,08:42,16:35,17:14,17:57,18:38
2032-12-18,06:39,07:20,08:03,08:41,16:35,17:13,17:56,18:37
2032-12-17,06:38,07:19,08:03,08:41,16:35,17:13,17:56,18:37
2032-12-16,06:38,07:19,08:02,08:40,16:34,17:13,17:56,18:37
2032-12-15,06:37,07:18,08:01,08:39,16:34,17:12,17:56,18:36
2032-12-14,06:36,07:17,08:00,08:38,16:34,17:12,17:55,18:36
2032-12-13,06:36,07:16,08:00,08:38,16:34,17:12,17:55,18:36
2032-12-12,06:35,07:16,07:59,08:37,16:34,17:12,17:55,18:36
2032-12-11,06:34,07:15,07:58,08:36,16:34,17:12,17:55,18:36
2032-12-10,06:33,07:14,07:57,08:35,16:34,17:12,17:55,18:36
2032-12-09,06:32,07:13,07:56,08:34,16:34,17:12,17:55,18:36
2032-12-08,06:31,07:12,07:55,08:33,16:34,17:12,17:55,18:36
2032-12-07,06:30,07:11,07:54,08:31,16:35,17:12,17:55,18:36
2032-12-06,06:29,07:10,07:53,08:30,16:35,17:13,17:55,18:36
2032-12-05,06:28,07:09,07:52,08:29,16:35,17:13,17:56,18:36
2032-12-04,06:27,07:08,07:50,08:28,16:36,17:13,17:56,18:36
2032-12-03,06:26,07:07,07:49,08:26,16:36,17:14,17:56,18:36
2032-12-02,06:25,07:06,07:48,08:25,16:37,17:14,17:56,18:37
2032-12-01,06:24,07:04,07:47,08:24,16:37,17:14,17:57,18:37
2032-11-30,06:23,07:03,07:45,08:22,16:38,17:15,17:57,18:38
2032-11-29,06:22,07:02,07:44,08:21,16:39,17:16,17:58,18:38
2032-11-28,06:21,07:01,07:43,08:20,16:39,17:16,17:58,18:38
2032-11-27,06:19,06:59,07:41,08:18,16:40,17:17,17:59,18:39
2032-11-26,06:18,06:58,07:40,08:17,16:41,17:18,17:59,18:40
2032-11-25,06:17,06:57,07:39,08:15,16:42,17:18,18:00,18:40
2032-11-24,06:16,06:56,07:37,08:14,16:43,17:19,18:01,18:41
2032-11-23,06:14,06:54,07:36,08:12,16:44,17:20,18:02,18:42
2032-11-22,06:13,06:53,07:34,08:10,16:45,17:21,18:02,18:42
2032-11-21,06:12,06:51,07:33,08:09,16:46,17:22,18:03,18:43
2032-11-20,06:10,06:50,07:31,08:07,16:47,17:23,18:04,18:44
2032-11-19,06:09,06:49,07:30,08:06,16:48,17:24,18:05,18:45
2032-11-18,06:08,06:47,07:28,08:04,16:49,17:25,18:06,18:46
2032-11-17,06:06,06:46,07:27,08:02,16:51,17:26,18:07,18:47
2032-11-16,06:05,06:44,07:25,08:01,16:52,17:27,18:08,18:48
2032-11-15,06:03,06:43,07:24,07:59,16:53,17:28,18:09,18:49
2032-11-14,06:02,06:41,07:22,07:57,16:55,17:30,18:10,18:50
2032-11-13,06:01,06:40,07:21,07:55,16:56,17:31,18:12,18:51
2032-11-12,05:59,06:38,07:19,07:54,16:57,17:32,18:13,18:52
2032-11-11,05:58,06:37,07:17,07:52,16:59,17:34,18:14,18:53
2032-11-10,05:56,06:35,07:16,07:50,17:00,17:35,18:15,18:54
2032-11-09,05:55,06:34,07:14,07:48,17:02,17:36,18:17,18:56
2032-11-08,05:53,06:32,07:13,07:47,17:04,17:38,18:18,18:57
2032-11-07,05:52,06:31,07:11,07:45,17:05,17:39,18:19,18:58
2032-11-06,05:50,06:29,07:09,07:43,17:07,17:41,18:21,19:00
2032-11-05,05:49,06:28,07:08,07:41,17:08,17:42,18:22,19:01
2032-11-04,05:47,06:26,07:06,07:40,17:10,17:44,18:24,19:03
2032-11-03,05:46,06:25,07:04,07:38,17:12,17:46,18:25,19:04
2032-11-02,05:44,06:23,07:03,07:36,17:14,17:47,18:27,19:06
2032-11-01,05:43,06:21,07:01,07:34,17:15,17:49,18:28,19:07
2032-10-31,05:41,06:20,06:59,07:33,17:17,17:51,18:30,19:09
2032-10-30,06:40,07:18,07:58,08:31,18:19,18:52,19:32,20:10
2032-10-29,06:38,07:17,07:56,08:29,18:21,18:54,19:33,20:12
2032-10-28,06:36,07:15,07:54,08:27,18:23,18:56,19:35,20:14
2032-10-27,06:35,07:14,07:53,08:26,18:25,18:58,19:37,20:16
2032-10-26,06:33,07:12,07:51,08:24,18:27,19:00,19:39,20:17
2032-10-25,06:32,07:10,07:49,08:22,18:29,19:01,19:40,20:19
2032-10-24,06:30,07:09,07:48,08:20,18:31,19:03,19:42,20:21
2032-10-23,06:28,07:07,07:46,08:19,18:33,19:05,19:44,20:23
2032-10-22,06:27,07:05,07:44,08:17,18:35,19:07,19:46,20:25
2032-10-21,06:25,07:04,07:43,08:15,18:37,19:09,19:48,20:27
2032-10-20,06:24,07:02,07:41,08:13,18:39,19:11,19:50,20:29
2032-10-19,06:22,07:01,07:39,08:12,18:41,19:13,19:52,20:31
2032-10-18,06:20,06:59,07:38,08:10,18:43,19:15,19:54,20:33
2032-10-17,06:19,06:57,07:36,08:08,18:45,19:17,19:56,20:35
2032-10-16,06:17,06:56,07:35,08:07,18:47,19:19,19:58,20:37
2032-10-15,06:15,06:54,07:33,08:05,18:49,19:21,20:00,20:39
2032-10-14,06:14,06:53,07:31,08:03,18:51,19:23,20:02,20:41
2032-10-13,06:12,06:51,07:30,08:01,18:53,19:25,20:04,20:43
2032-10-12,06:10,06:49,07:28,08:00,18:56,19:28,20:06,20:45
2032-10-11,06:09,06:48,07:26,07:58,18:58,19:30,20:08,20:47
2032-10-10,06:07,06:46,07:25,07:56,19:00,19:32,20:10,20:49
2032-10-09,06:05,06:44,07:23,07:55,19:02,19:34,20:13,20:52
2032-10-08,06:04,06:43,07:21,07:53,19:04,19:36,20:15,20:54
2032-10-07,06:02,06:41,07:20,07:51,19:07,19:38,20:17,20:56
2032-10-06,06:00,06:39,07:18,07:50,19:09,19:41,20:19,20:59
2032-10-05,05:58,06:38,07:16,07:48,19:11,19:43,20:22,21:01
2032-10-04,05:57,06:36,07:15,07:46,19:13,19:45,20:24,21:03
2032-10-03,05:55,06:34,07:13,07:45,19:16,19:47,20:26,21:06
2032-10-02,05:53,06:33,07:12,07:43,19:18,19:50,20:28,21:08
2032-10-01,05:51,06:31,07:10,07:42,19:20,19:52,20:31,21:10
2032-09-30,05:49,06:29,07:08,07:40,19:23,19:54,20:33,21:13
2032-09-29,05:48,06:28,07:07,07:38,19:25,19:56,20:35,21:15
2032-09-28,05:46,06:26,07:05,07:37,19:27,19:59,20:38,21:18
2032-09-27,05:44,06:24,07:03,07:35,19:29,20:01,20:40,21:20
2032-09-26,05:42,06:23,07:02,07:33,19:32,20:03,20:42,21:23
2032-09-25,05:40,06:21,07:00,07:32,19:34,20:06,20:45,21:25
2032-09-24,05:38,06:19,06:59,07:30,19:36,20:08,20:47,21:28
2032-09-23,05:37,06:17,06:57,07:29,19:39,20:10,20:50,21:31
2032-09-22,05:35,06:16,06:55,07:27,19:41,20:13,20:52,21:33
2032-09-21,05:33,06:14,06:54,07:25,19:43,20:15,20:54,21:36
2032-09-20,05:31,06:12,06:52,07:24,19:46,20:17,20:57,21:38
2032-09-19,05:29,06:11,06:50,07:22,19:48,20:20,20:59,21:41
2032-09-18,05:27,06:09,06:49,07:20,19:50,20:22,21:02,21:44
2032-09-17,05:25,06:07,06:47,07:19,19:53,20:24,21:04,21:46
2032-09-16,05:23,06:05,06:45,07:17,19:55,20:27,21:07,21:49
2032-09-15,05:21,06:03,06:44,07:16,19:57,20:29,21:09,21:52
2032-09-14,05:19,06:02,06:42,07:14,19:59,20:31,21:12,21:55
2032-09-13,05:17,06:00,06:40,07:12,20:02,20:34,21:14,21:57
2032-09-12,05:15,05:58,06:39,07:11,20:04,20:36,21:17,22:00
2032-09-11,05:13,05:56,06:37,07:09,20:06,20:39,21:19,22:03
2032-09-10,05:10,05:54,06:35,07:08,20:09,20:41,21:22,22:06
2032-09-09,05:08,05:53,06:34,07:06,20:11,20:43,21:25,22:09
2032-09-08,05:06,05:51,06:32,07:04,20:13,20:46,21:27,22:12
2032-09-07,05:04,05:49,06:30,07:03,20:16,20:48,21:30,22:14
2032-09-06,05:02,05:47,06:29,07:01,20:18,20:50,21:32,22:17
2032-09-05,04:59,05:45,06:27,07:00,20:20,20:53,21:35,22:20
2032-09-04,04:57,05:43,06:25,06:58,20:22,20:55,21:37,22:23
2032-09-03,04:55,05:41,06:24,06:56,20:25,20:58,21:40,22:26
2032-09-02,04:53,05:39,06:22,06:55,20:27,21:00,21:42,22:29
2032-09-01,04:50,05:37,06:20,06:53,20:29,21:02,21:45,22:32
2032-08-31,04:48,05:35,06:18,06:52,20:31,21:05,21:48,22:35
2032-08-30,04:45,05:33,06:17,06:50,20:34,21:07,21:50,22:38
2032-08-29,04:43,05:31,06:15,06:48,20:36,21:09,21:53,22:41
2032-08-28,04:41,05:30,06:13,06:47,20:38,21:12,21:55,22:44
2032-08-27,04:38,05:27,06:12,06:45,20:40,21:14,21:58,22:48
2032-08-26,04:35,05:25,06:10,06:44,20:42,21:16,22:01,22:51
2032-08-25,04:33,05:23,06:08,06:42,20:45,21:19,22:03,22:54
2032-08-24,04:30,05:21,06:06,06:40,20:47,21:21,22:06,22:57
2032-08-23,04:28,05:19,06:05,06:39,20:49,21:23,22:08,23:00
2032-08-22,04:25,05:17,06:03,06:37,20:51,21:26,22:11,23:03
2032-08-21,04:22,05:15,06:01,06:36,20:53,21:28,22:14,23:07
2032-08-20,04:19,05:13,05:59,06:34,20:55,21:30,22:16,23:10
2032-08-19,04:17,05:11,05:57,06:32,20:57,21:32,22:19,23:13
2032-08-18,04:14,05:09,05:56,06:31,20:59,21:35,22:21,23:17
2032-08-17,04:11,05:07,05:54,06:29,21:01,21:37,22:24,23:20
2032-08-16,04:08,05:05,05:52,06:28,21:04,21:39,22:27,23:23
2032-08-15,04:05,05:02,05:50,06:26,21:06,21:41,22:29,23:27
2032-08-14,04:02,05:00,05:49,06:24,21:08,21:43,22:32,23:30
2032-08-13,03:59,04:58,05:47,06:23,21:10,21:46,22:34,23:34
2032-08-12,03:56,04:56,05:45,06:21,21:11,21:48,22:37,23:37
2032-08-11,03:52,04:54,05:43,06:20,21:13,21:50,22:39,23:41
2032-08-10,03:49,04:51,05:41,06:18,21:15,21:52,22:42,23:44
2032-08-09,03:46,04:49,05:40,06:16,21:17,21:54,22:44,23:48
2032-08-08,03:42,04:47,05:38,06:15,21:19,21:56,22:47,23:52
2032-08-07,03:39,04:45,05:36,06:13,21:21,21:58,22:49,23:56
2032-08-06,03:35,04:43,05:34,06:12,21:23,22:00,22:52,23:59
2032-08-05,03:31,04:40,05:33,06:10,21:25,22:02,22:54,00:00
2032-08-04,03:28,04:38,05:31,06:09,21:26,22:04,22:57,00:00
2032-08-03,03:24,04:36,05:29,06:07,21:28,22:06,22:59,00:00
2032-08-02,03:20,04:33,05:27,06:06,21:30,22:08,23:02,00:00
2032-08-01,03:16,04:31,05:25,06:04,21:31,22:10,23:04,00:00
2032-07-31,03:11,04:29,05:24,06:03,21:33,22:12,23:07,00:00
2032-07-30,03:07,04:27,05:22,06:01,21:35,22:14,23:09,00:00
2032-07-29,03:02,04:24,05:20,06:00,21:36,22:15,23:11,00:00
2032-07-28,02:58,04:22,05:19,05:58,21:38,22:17,23:14,00:00
2032-07-27,02:52,04:20,05:17,05:57,21:39,22:19,23:16,00:00
2032-07-26,02:47,04:17,05:15,05:55,21:41,22:21,23:18,00:00
2032-07-25,02:41,04:15,05:13,05:54,21:42,22:22,23:21,00:00
2032-07-24,02:35,04:13,05:12,05:52,21:44,22:24,23:23,00:00
2032-07-23,02:27,04:11,05:10,05:51,21:45,22:26,23:25,00:00
2032-07-22,02:18,04:08,05:09,05:49,21:46,22:27,23:27,00:00
2032-07-21,02:06,04:06,05:07,05:48,21:48,22:29,23:30,00:00
2032-07-20,00:00,04:04,05:05,05:47,21:49,22:30,23:32,00:00
2032-07-19,00:00,04:02,05:04,05:45,21:50,22:32,23:34,00:00
2032-07-18,00:00,04:00,05:02,05:44,21:51,22:33,23:36,00:00
2032-07-17,00:00,03:57,05:01,05:43,21:52,22:35,23:38,00:00
2032-07-16,00:00,03:55,04:59,05:42,21:54,22:36,23:40,00:00
2032-07-15,00:00,03:53,04:58,05:40,21:55,22:37,23:42,00:00
2032-07-14,00:00,03:51,04:56,05:39,21:56,22:38,23:44,00:00
2032-07-13,00:00,03:49,04:55,05:38,21:57,22:40,23:45,00:00
2032-07-12,00:00,03:47,04:54,05:37,21:58,22:41,23:47,00:00
2032-07-11,00:00,03:45,04:52,05:36,21:58,22:42,23:49,00:00
2032-07-10,00:00,03:43,04:51,05:35,21:59,22:43,23:51,00:00
2032-07-09,00:00,03:41,04:50,05:34,22:00,22:44,23:52,00:00
2032-07-08,00:00,03:40,04:49,05:32,22:01,22:45,23:54,00:00
2032-07-07,00:00,03:38,04:47,05:32,22:01,22:45,23:55,00:00
2032-07-06,00:00,03:36,04:46,05:31,22:02,22:46,23:56,00:00
2032-07-05,00:00,03:35,04:45,05:30,22:03,22:47,23:58,00:00
2032-07-04,00:00,03:33,04:44,05:29,22:03,22:48,23:59,00:00
2032-07-03,00:00,03:31,04:43,05:28,22:04,22:48,00:00,00:00
2032-07-02,00:00,03:30,04:42,05:27,22:04,22:49,00:00,00:00
2032-07-01,00:00,03:29,04:41,05:26,22:04,22:49,00:00,00:00
2032-06-30,00:00,03:27,04:41,05:26,22:05,22:50,00:00,00:00
2032-06-29,00:00,03:26,04:40,05:25,22:05,22:50,00:00,00:00
2032-06-28,00:00,03:25,04:39,05:24,22:05,22:51,00:00,00:00
2032-06-27,00:00,03:24,04:38,05:24,22:05,22:51,00:00,00:00
2032-06-26,00:00,03:23,04:38,05:23,22:05,22:51,00:00,00:00
2032-06-25,00:00,03:23,04:37,05:23,22:06,22:51,00:00,00:00
2032-06-24,00:00,03:22,04:37,05:22,22:06,22:51,00:00,00:00
2032-06-23,00:00,03:21,04:36,05:22,22:05,22:51,00:00,00:00
2032-06-22,00:00,03:21,04:36,05:22,22:05,22:51,00:00,00:00
2032-06-21,00:00,03:21,04:36,05:21,22:05,22:51,00:00,00:00
2032-06-20,00:00,03:20,04:36,05:21,22:05,22:51,00:00,00:00
2032-06-19,00:00,03:20,04:35,05:21,22:05,22:50,00:00,00:00
2032-06-18,00:00,03:20,04:35,05:21,22:04,22:50,00:00,00:00
2032-06-17,00:00,03:20,04:35,05:21,22:04,22:50,00:00,00:00
2032-06-16,00:00,03:20,04:35,05:21,22:04,22:49,00:00,00:00
2032-06-15,00:00,03:21,04:35,05:21,22:03,22:49,00:00,00:00
2032-06-14,00:00,03:21,04:36,05:21,22:03,22:48,00:00,00:00
2032-06-13,00:00,03:22,04:36,05:21,22:02,22:47,00:00,00:00
2032-06-12,00:00,03:22,04:36,05:21,22:02,22:47,00:00,00:00
2032-06-11,00:00,03:23,04:36,05:22,22:01,22:46,23:59,00:00
2032-06-10,00:00,03:24,04:37,05:22,22:00,22:45,23:58,00:00
2032-06-09,00:00,03:25,04:37,05:22,21:59,22:44,23:57,00:00
2032-06-08,00:00,03:26,04:38,05:23,21:59,22:43,23:55,00:00
2032-06-07,00:00,03:27,04:38,05:23,21:58,22:42,23:54,00:00
2032-06-06,00:00,03:28,04:39,05:23,21:57,22:41,23:52,00:00
2032-06-05,00:00,03:29,04:40,05:24,21:56,22:40,23:51,00:00
2032-06-04,00:00,03:31,04:40,05:25,21:55,22:39,23:49,00:00
2032-06-03,00:00,03:32,04:41,05:25,21:54,22:38,23:47,00:00
2032-06-02,00:00,03:34,04:42,05:26,21:53,22:37,23:45,00:00
2032-06-01,00:00,03:35,04:43,05:27,21:52,22:36,23:44,00:00
2032-05-31,00:00,03:37,04:44,05:27,21:51,22:34,23:42,00:00
2032-05-30,00:00,03:38,04:45,05:28,21:50,22:33,23:40,00:00
2032-05-29,00:00,03:40,04:46,05:29,21:49,22:32,23:38,00:00
2032-05-28,00:00,03:42,04:47,05:30,21:47,22:30,23:36,00:00
2032-05-27,00:00,03:44,04:49,05:31,21:46,22:29,23:33,00:00
2032-05-26,00:00,03:46,04:50,05:32,21:45,22:27,23:31,00:00
2032-05-25,00:00,03:48,04:51,05:33,21:44,22:26,23:29,00:00
2032-05-24,00:00,03:50,04:52,05:34,21:42,22:24,23:27,00:00
2032-05-23,00:00,03:52,04:54,05:35,21:41,22:23,23:25,00:00
2032-05-22,00:00,03:54,04:55,05:37,21:40,22:21,23:23,00:00
2032-05-21,00:00,03:56,04:57,05:38,21:38,22:19,23:20,00:00
2032-05-20,02:06,03:58,04:58,05:39,21:37,22:18,23:18,00:00
2032-05-19,02:15,04:00,05:00,05:40,21:35,22:16,23:16,00:00
2032-05-18,02:23,04:02,05:01,05:42,21:34,22:14,23:13,00:00
2032-05-17,02:30,04:05,05:03,05:43,21:32,22:13,23:11,00:00
2032-05-16,02:36,04:07,05:05,05:45,21:31,22:11,23:09,00:00
2032-05-15,02:41,04:09,05:06,05:46,21:29,22:09,23:06,00:00
2032-05-14,02:46,04:11,05:08,05:48,21:28,22:07,23:04,00:00
2032-05-13,02:51,04:14,05:10,05:49,21:26,22:06,23:02,00:00
2032-05-12,02:56,04:16,05:12,05:51,21:25,22:04,22:59,00:00
2032-05-11,03:01,04:18,05:13,05:52,21:23,22:02,22:57,00:00
2032-05-10,03:05,04:21,05:15,05:54,21:22,22:00,22:55,00:00
2032-05-09,03:09,04:23,05:17,05:55,21:20,21:59,22:52,00:00
2032-05-08,03:14,04:26,05:19,05:57,21:19,21:57,22:50,00:00
2032-05-07,03:18,04:28,05:21,05:59,21:17,21:55,22:48,23:58
2032-05-06,03:22,04:31,05:23,06:01,21:15,21:53,22:45,23:54
2032-05-05,03:26,04:33,05:25,06:02,21:14,21:51,22:43,23:51
2032-05-04,03:29,04:36,05:27,06:04,21:12,21:49,22:41,23:47
2032-05-03,03:33,04:38,05:29,06:06,21:10,21:48,22:38,23:43
2032-05-02,03:37,04:41,05:31,06:08,21:09,21:46,22:36,23:40
2032-05-01,03:41,04:43,05:33,06:10,21:07,21:44,22:34,23:36
2032-04-30,03:44,04:46,05:35,06:12,21:06,21:42,22:32,23:33
2032-04-29,03:48,04:48,05:37,06:13,21:04,21:40,22:29,23:30
2032-04-28,03:51,04:51,05:39,06:15,21:02,21:38,22:27,23:26
2032-04-27,03:55,04:53,05:42,06:17,21:01,21:36,22:25,23:23
2032-04-26,03:58,04:56,05:44,06:19,20:59,21:35,22:22,23:20
2032-04-25,04:02,04:58,05:46,06:21,20:57,21:33,22:20,23:17
2032-04-24,04:05,05:01,05:48,06:23,20:56,21:31,22:18,23:14
2032-04-23,04:08,05:03,05:50,06:25,20:54,21:29,22:16,23:11
2032-04-22,04:12,05:06,05:52,06:27,20:52,21:27,22:14,23:08
2032-04-21,04:15,05:09,05:55,06:29,20:51,21:25,22:11,23:05
2032-04-20,04:18,05:11,05:57,06:32,20:49,21:23,22:09,23:02
2032-04-19,04:21,05:14,05:59,06:34,20:47,21:22,22:07,22:59
2032-04-18,04:25,05:16,06:01,06:36,20:45,21:20,22:05,22:57
2032-04-17,04:28,05:19,06:04,06:38,20:44,21:18,22:03,22:54
2032-04-16,04:31,05:21,06:06,06:40,20:42,21:16,22:01,22:51
2032-04-15,04:34,05:24,06:08,06:42,20:40,21:14,21:59,22:49
2032-04-14,04:37,05:27,06:11,06:44,20:39,21:12,21:56,22:46
2032-04-13,04:40,05:29,06:13,06:46,20:37,21:11,21:54,22:43
2032-04-12,04:43,05:32,06:15,06:49,20:35,21:09,21:52,22:41
2032-04-11,04:46,05:34,06:18,06:51,20:34,21:07,21:50,22:38
2032-04-10,04:49,05:37,06:20,06:53,20:32,21:05,21:48,22:36
2032-04-09,04:52,05:39,06:22,06:55,20:30,21:03,21:46,22:33
2032-04-08,04:55,05:42,06:25,06:58,20:29,21:02,21:44,22:31
2032-04-07,04:58,05:45,06:27,07:00,20:27,21:00,21:42,22:28
2032-04-06,05:01,05:47,06:29,07:02,20:25,20:58,21:40,22:26
2032-04-05,05:04,05:50,06:32,07:04,20:24,20:56,21:38,22:24
2032-04-04,05:07,05:52,06:34,07:06,20:22,20:55,21:36,22:21
2032-04-03,05:10,05:55,06:36,07:09,20:20,20:53,21:34,22:19
2032-04-02,05:13,05:57,06:39,07:11,20:19,20:51,21:32,22:17
2032-04-01,05:16,06:00,06:41,07:13,20:17,20:49,21:30,22:14
2032-03-31,05:19,06:02,06:43,07:16,20:15,20:47,21:28,22:12
2032-03-30,05:21,06:05,06:46,07:18,20:14,20:46,21:26,22:10
2032-03-29,05:24,06:07,06:48,07:20,20:12,20:44,21:25,22:08
2032-03-28,05:27,06:10,06:50,07:22,20:10,20:42,21:23,22:06
2032-03-27,04:30,05:12,05:53,06:25,19:08,19:40,20:21,21:03
2032-03-26,04:32,05:15,05:55,06:27,19:07,19:39,20:19,21:01
2032-03-25,04:35,05:17,05:57,06:29,19:05,19:37,20:17,20:59
2032-03-24,04:38,05:20,06:00,06:32,19:03,19:35,20:15,20:57
2032-03-23,04:40,05:22,06:02,06:34,19:02,19:33,20:13,20:55
2032-03-22,04:43,05:25,06:04,06:36,19:00,19:32,20:11,20:53
2032-03-21,04:46,05:27,06:07,06:38,18:58,19:30,20:10,20:51
2032-03-20,04:48,05:30,06:09,06:41,18:57,19:28,20:08,20:49
2032-03-19,04:51,05:32,06:11,06:43,18:55,19:27,20:06,20:47
2032-03-18,04:54,05:34,06:14,06:45,18:53,19:25,20:04,20:45
2032-03-17,04:56,05:37,06:16,06:48,18:52,19:23,20:02,20:43
2032-03-16,04:59,05:39,06:18,06:50,18:50,19:21,20:01,20:41
2032-03-15,05:01,05:41,06:21,06:52,18:48,19:20,19:59,20:39
2032-03-14,05:04,05:44,06:23,06:54,18:46,19:18,19:57,20:37
2032-03-13,05:06,05:46,06:25,06:57,18:45,19:16,19:55,20:35
2032-03-12,05:09,05:48,06:27,06:59,18:43,19:15,19:53,20:33
2032-03-11,05:11,05:51,06:30,07:01,18:41,19:13,19:52,20:31
2032-03-10,05:13,05:53,06:32,07:03,18:40,19:11,19:50,20:30
2032-03-09,05:16,05:55,06:34,07:06,18:38,19:09,19:48,20:28
2032-03-08,05:18,05:58,06:36,07:08,18:36,19:08,19:46,20:26
2032-03-07,05:20,06:00,06:39,07:10,18:34,19:06,19:45,20:24
2032-03-06,05:23,06:02,06:41,07:12,18:33,19:04,19:43,20:22
2032-03-05,05:25,06:04,06:43,07:15,18:31,19:02,19:41,20:20
2032-03-04,05:27,06:06,06:45,07:17,18:29,19:01,19:39,20:19
2032-03-03,05:30,06:09,06:47,07:19,18:27,18:59,19:38,20:17
2032-03-02,05:32,06:11,06:49,07:21,18:26,18:57,19:36,20:15
2032-03-01,05:34,06:13,06:52,07:23,18:24,18:56,19:34,20:13
2032-02-29,05:36,06:15,06:54,07:26,18:22,18:54,19:33,20:11
2032-02-28,05:38,06:17,06:56,07:28,18:20,18:52,19:31,20:10
2032-02-27,05:40,06:19,06:58,07:30,18:18,18:50,19:29,20:08
2032-02-26,05:42,06:21,07:00,07:32,18:17,18:49,19:27,20:06
2032-02-25,05:44,06:23,07:02,07:34,18:15,18:47,19:26,20:04
2032-02-24,05:47,06:25,07:04,07:36,18:13,18:45,19:24,20:03
2032-02-23,05:49,06:27,07:06,07:38,18:11,18:43,19:22,20:01
2032-02-22,05:50,06:29,07:08,07:40,18:10,18:42,19:21,19:59
2032-02-21,05:52,06:31,07:10,07:42,18:08,18:40,19:19,19:58
2032-02-20,05:54,06:33,07:12,07:44,18:06,18:38,19:17,19:56
2032-02-19,05:56,06:35,07:14,07:46,18:04,18:37,19:16,19:54
2032-02-18,05:58,06:37,07:16,07:48,18:02,18:35,19:14,19:52
2032-02-17,06:00,06:39,07:18,07:50,18:00,18:33,19:12,19:51
2032-02-16,06:02,06:40,07:19,07:52,17:59,18:31,19:10,19:49
2032-02-15,06:03,06:42,07:21,07:54,17:57,18:30,19:09,19:47
2032-02-14,06:05,06:44,07:23,07:56,17:55,18:28,19:07,19:46
2032-02-13,06:07,06:46,07:25,07:58,17:53,18:26,19:05,19:44
2032-02-12,06:09,06:47,07:27,08:00,17:51,18:24,19:04,19:43
2032-02-11,06:10,06:49,07:28,08:02,17:50,18:23,19:02,19:41
2032-02-10,06:12,06:51,07:30,08:03,17:48,18:21,19:01,19:39
2032-02-09,06:13,06:52,07:32,08:05,17:46,18:19,18:59,19:38
2032-02-08,06:15,06:54,07:33,08:07,17:44,18:18,18:57,19:36
2032-02-07,06:16,06:55,07:35,08:09,17:42,18:16,18:56,19:34
2032-02-06,06:18,06:57,07:37,08:10,17:40,18:14,18:54,19:33
2032-02-05,06:19,06:58,07:38,08:12,17:39,18:12,18:52,19:31
2032-02-04,06:21,07:00,07:40,08:14,17:37,18:11,18:51,19:30
2032-02-03,06:22,07:01,07:41,08:15,17:35,18:09,18:49,19:28
2032-02-02,06:23,07:02,07:43,08:17,17:33,18:07,18:48,19:27
2032-02-01,06:25,07:04,07:44,08:18,17:31,18:06,18:46,19:25
2032-01-31,06:26,07:05,07:45,08:20,17:29,18:04,18:44,19:24
2032-01-30,06:27,07:06,07:47,08:21,17:28,18:02,18:43,19:22
2032-01-29,06:28,07:08,07:48,08:23,17:26,18:01,18:41,19:21
2032-01-28,06:29,07:09,07:49,08:24,17:24,17:59,18:40,19:19
2032-01-27,06:30,07:10,07:51,08:26,17:22,17:57,18:38,19:18
2032-01-26,06:32,07:11,07:52,08:27,17:21,17:56,18:37,19:16
2032-01-25,06:33,07:12,07:53,08:28,17:19,17:54,18:35,19:15
2032-01-24,06:33,07:13,07:54,08:30,17:17,17:53,18:34,19:13
2032-01-23,06:34,07:14,07:55,08:31,17:15,17:51,18:32,19:12
2032-01-22,06:35,07:15,07:56,08:32,17:14,17:49,18:31,19:10
2032-01-21,06:36,07:16,07:57,08:33,17:12,17:48,18:29,19:09
2032-01-20,06:37,07:17,07:58,08:34,17:10,17:46,18:28,19:08
2032-01-19,06:38,07:17,07:59,08:35,17:09,17:45,18:26,19:06
2032-01-18,06:38,07:18,08:00,08:36,17:07,17:43,18:25,19:05
2032-01-17,06:39,07:19,08:01,08:37,17:06,17:42,18:24,19:04
2032-01-16,06:40,07:20,08:02,08:38,17:04,17:40,18:22,19:02
2032-01-15,06:40,07:20,08:02,08:39,17:02,17:39,18:21,19:01
2032-01-14,06:41,07:21,08:03,08:40,17:01,17:38,18:20,19:00
2032-01-13,06:41,07:21,08:04,08:40,16:59,17:36,18:18,18:59
2032-01-12,06:42,07:22,08:04,08:41,16:58,17:35,18:17,18:57
2032-01-11,06:42,07:22,08:05,08:42,16:57,17:34,18:16,18:56
2032-01-10,06:42,07:23,08:05,08:42,16:55,17:32,18:15,18:55
2032-01-09,06:43,07:23,08:06,08:43,16:54,17:31,18:13,18:54
2032-01-08,06:43,07:23,08:06,08:43,16:52,17:30,18:12,18:53
2032-01-07,06:43,07:24,08:06,08:44,16:51,17:29,18:11,18:52
2032-01-06,06:43,07:24,08:07,08:44,16:50,17:27,18:10,18:51
2032-01-05,06:44,07:24,08:07,08:44,16:49,17:26,18:09,18:50
2032-01-04,06:44,07:24,08:07,08:45,16:47,17:25,18:08,18:49
2032-01-03,06:44,07:24,08:07,08:45,16:46,17:24,18:07,18:48
2032-01-02,06:44,07:24,08:07,08:45,16:45,17:23,18:06,18:47
2032-01-01,06:44,07:24,08:07,08:45,16:44,17:22,18:05,18:46
2031-12-31,06:44,07:24,08:07,08:45,16:43,17:21,18:04,18:45
2031-12-30,06:43,07:24,08:07,08:45,16:42,17:20,18:03,18:44
2031-12-29,06:43,07:24,08:07,08:45,16:41,17:19,18:03,18:43
2031-12-28,06:43,07:24,08:07,08:45,16:40,17:19,18:02,18:43
2031-12-27,06:43,07:24,08:07,08:45,16:40,17:18,18:01,18:42
2031-12-26,06:42,07:23,08:07,08:45,16:39,17:17,18:00,18:41
2031-12-25,06:42,07:23,08:06,08:44,16:38,17:16,18:00,18:40
2031-12-24,06:42,07:23,08:06,08:44,16:38,17:16,17:59,18:40
2031-12-23,06:41,07:22,08:05,08:44,16:37,17:15,17:58,18:39
2031-12-22,06:41,07:22,08:05,08:43,16:36,17:15,17:58,18:39
2031-12-21,06:40,07:21,08:05,08:43,16:36,17:14,17:57,18:38
2031-12-20,06:40,07:21,08:04,08:42,16:35,17:14,17:57,18:38
2031-12-19,06:39,07:20,08:03,08:42,16:35,17:13,17:57,18:37
2031-12-18,06:39,07:20,08:03,08:41,16:35,17:13,17:56,18:37
2031-12-17,06:38,07:19,08:02,08:40,16:34,17:13,17:56,18:37
2031-12-16,06:37,07:18,08:01,08:39,16:34,17:12,17:56,18:36
2031-12-15,06:37,07:17,08:01,08:39,16:34,17:12,17:55,18:36
2031-12-14,06:36,07:17,08:00,08:38,16:34,17:12,17:55,18:36
2031-12-13,06:35,07:16,07:59,08:37,16:34,17:12,17:55,18:36
2031-12-12,06:34,07:15,07:58,08:36,16:34,17:12,17:55,18:36
2031-12-11,06:33,07:14,07:57,08:35,16:34,17:12,17:55,18:36
2031-12-10,06:32,07:13,07:56,08:34,16:34,17:12,17:55,18:36
2031-12-09,06:32,07:12,07:55,08:33,16:34,17:12,17:55,18:36
2031-12-08,06:31,07:11,07:54,08:32,16:35,17:12,17:55,18:36
2031-12-07,06:30,07:10,07:53,08:31,16:35,17:12,17:55,18:36
2031-12-06,06:29,07:09,07:52,08:29,16:35,17:13,17:55,18:36
2031-12-05,06:28,07:08,07:51,08:28,16:36,17:13,17:56,18:36
2031-12-04,06:27,07:07,07:50,08:27,16:36,17:13,17:56,18:36
2031-12-03,06:25,07:06,07:48,08:25,16:37,17:14,17:56,18:37
2031-12-02,06:24,07:05,07:47,08:24,16:37,17:14,17:57,18:37
2031-12-01,06:23,07:03,07:46,08:23,16:38,17:15,17:57,18:37
2031-11-30,06:22,07:02,07:44,08:21,16:39,17:15,17:58,18:38
2031-11-29,06:21,07:01,07:43,08:20,16:39,17:16,17:58,18:38
2031-11-28,06:20,07:00,07:42,08:18,16:40,17:17,17:59,18:39
2031-11-27,06:18,06:58,07:40,08:17,16:41,17:17,17:59,18:39
2031-11-26,06:17,06:57,07:39,08:15,16:42,17:18,18:00,18:40
2031-11-25,06:16,06:56,07:38,08:14,16:43,17:19,18:01,18:41
2031-11-24,06:15,06:55,07:36,08:12,16:44,17:20,18:01,18:41
2031-11-23,06:13,06:53,07:35,08:11,16:45,17:21,18:02,18:42
2031-11-22,06:12,06:52,07:33,08:09,16:46,17:22,18:03,18:43
2031-11-21,06:11,06:50,07:32,08:08,16:47,17:23,18:04,18:44
2031-11-20,06:09,06:49,07:30,08:06,16:48,17:24,18:05,18:45
2031-11-19,06:08,06:48,07:29,08:04,16:49,17:25,18:06,18:45
2031-11-18,06:07,06:46,07:27,08:03,16:50,17:26,18:07,18:46
2031-11-17,06:05,06:45,07:26,08:01,16:52,17:27,18:08,18:47
2031-11-16,06:04,06:43,07:24,07:59,16:53,17:28,18:09,18:48
2031-11-15,06:02,06:42,07:23,07:58,16:54,17:29,18:10,18:49
2031-11-14,06:01,06:40,07:21,07:56,16:56,17:31,18:11,18:51
2031-11-13,06:00,06:39,07:19,07:54,16:57,17:32,18:12,18:52
2031-11-12,05:58,06:37,07:18,07:52,16:59,17:33,18:14,18:53
2031-11-11,05:57,06:36,07:16,07:51,17:00,17:35,18:15,18:54
2031-11-10,05:55,06:34,07:15,07:49,17:02,17:36,18:16,18:55
2031-11-09,05:54,06:33,07:13,07:47,17:03,17:37,18:18,18:57
2031-11-08,05:52,06:31,07:11,07:45,17:05,17:39,18:19,18:58
2031-11-07,05:51,06:30,07:10,07:44,17:06,17:40,18:20,18:59
2031-11-06,05:49,06:28,07:08,07:42,17:08,17:42,18:22,19:01
2031-11-05,05:48,06:27,07:06,07:40,17:10,17:44,18:23,19:02
2031-11-04,05:46,06:25,07:05,07:38,17:11,17:45,18:25,19:04
2031-11-03,05:45,06:23,07:03,07:37,17:13,17:47,18:26,19:05
2031-11-02,05:43,06:22,07:01,07:35,17:15,17:48,18:28,19:07
2031-11-01,05:41,06:20,07:00,07:33,17:17,17:50,18:30,19:08
2031-10-31,05:40,06:19,06:58,07:31,17:19,17:52,18:31,19:10
2031-10-30,05:38,06:17,06:56,07:30,17:20,17:54,18:33,19:12
2031-10-29,05:37,06:15,06:55,07:28,17:22,17:55,18:35,19:13
2031-10-28,05:35,06:14,06:53,07:26,17:24,17:57,18:36,19:15
2031-10-27,05:34,06:12,06:51,07:24,17:26,17:59,18:38,19:17
2031-10-26,05:32,06:11,06:50,07:23,17:28,18:01,18:40,19:19
2031-10-25,06:30,07:09,07:48,08:21,18:30,19:03,19:42,20:21
2031-10-24,06:29,07:07,07:46,08:19,18:32,19:05,19:44,20:22
2031-10-23,06:27,07:06,07:45,08:17,18:34,19:07,19:46,20:24
2031-10-22,06:26,07:04,07:43,08:16,18:36,19:09,19:47,20:26
2031-10-21,06:24,07:03,07:42,08:14,18:38,19:11,19:49,20:28
2031-10-20,06:22,07:01,07:40,08:12,18:40,19:13,19:51,20:30
2031-10-19,06:21,06:59,07:38,08:10,18:42,19:15,19:53,20:32
2031-10-18,06:19,06:58,07:37,08:09,18:44,19:17,19:55,20:34
2031-10-17,06:17,06:56,07:35,08:07,18:47,19:19,19:57,20:36
2031-10-16,06:16,06:55,07:33,08:05,18:49,19:21,19:59,20:38
2031-10-15,06:14,06:53,07:32,08:04,18:51,19:23,20:01,20:40
2031-10-14,06:12,06:51,07:30,08:02,18:53,19:25,20:04,20:42
2031-10-13,06:11,06:50,07:28,08:00,18:55,19:27,20:06,20:45
2031-10-12,06:09,06:48,07:27,07:59,18:57,19:29,20:08,20:47
2031-10-11,06:07,06:46,07:25,07:57,18:59,19:31,20:10,20:49
2031-10-10,06:06,06:45,07:23,07:55,19:02,19:33,20:12,20:51
2031-10-09,06:04,06:43,07:22,07:53,19:04,19:36,20:14,20:53
2031-10-08,06:02,06:41,07:20,07:52,19:06,19:38,20:16,20:56
2031-10-07,06:01,06:40,07:19,07:50,19:08,19:40,20:19,20:58
2031-10-06,05:59,06:38,07:17,07:49,19:11,19:42,20:21,21:00
2031-10-05,05:57,06:36,07:15,07:47,19:13,19:44,20:23,21:03
2031-10-04,05:55,06:35,07:14,07:45,19:15,19:47,20:25,21:05
2031-10-03,05:54,06:33,07:12,07:44,19:17,19:49,20:28,21:07
2031-10-02,05:52,06:31,07:10,07:42,19:20,19:51,20:30,21:10
2031-10-01,05:50,06:30,07:09,07:40,19:22,19:54,20:32,21:12
2031-09-30,05:48,06:28,07:07,07:39,19:24,19:56,20:35,21:15
2031-09-29,05:46,06:26,07:05,07:37,19:27,19:58,20:37,21:17
2031-09-28,05:44,06:25,07:04,07:35,19:29,20:00,20:39,21:20
2031-09-27,05:43,06:23,07:02,07:34,19:31,20:03,20:42,21:22
2031-09-26,05:41,06:21,07:01,07:32,19:33,20:05,20:44,21:25
2031-09-25,05:39,06:20,06:59,07:31,19:36,20:07,20:47,21:27
2031-09-24,05:37,06:18,06:57,07:29,19:38,20:10,20:49,21:30
2031-09-23,05:35,06:16,06:56,07:27,19:40,20:12,20:51,21:33
2031-09-22,05:33,06:14,06:54,07:26,19:43,20:14,20:54,21:35
2031-09-21,05:31,06:13,06:52,07:24,19:45,20:17,20:56,21:38
2031-09-20,05:29,06:11,06:51,07:22,19:47,20:19,20:59,21:40
2031-09-19,05:27,06:09,06:49,07:21,19:50,20:21,21:01,21:43
2031-09-18,05:25,06:07,06:47,07:19,19:52,20:24,21:04,21:46
2031-09-17,05:23,06:06,06:46,07:18,19:54,20:26,21:06,21:49
2031-09-16,05:21,06:04,06:44,07:16,19:57,20:29,21:09,21:51
2031-09-15,05:19,06:02,06:42,07:14,19:59,20:31,21:11,21:54
2031-09-14,05:17,06:00,06:41,07:13,20:01,20:33,21:14,21:57
2031-09-13,05:15,05:58,06:39,07:11,20:04,20:36,21:16,22:00
2031-09-12,05:13,05:57,06:37,07:10,20:06,20:38,21:19,22:02
2031-09-11,05:11,05:55,06:36,07:08,20:08,20:40,21:21,22:05
2031-09-10,05:09,05:53,06:34,07:06,20:10,20:43,21:24,22:08
2031-09-09,05:07,05:51,06:32,07:05,20:13,20:45,21:26,22:11
2031-09-08,05:04,05:49,06:31,07:03,20:15,20:48,21:29,22:14
2031-09-07,05:02,05:47,06:29,07:02,20:17,20:50,21:32,22:17
2031-09-06,05:00,05:46,06:27,07:00,20:20,20:52,21:34,22:20
2031-09-05,04:58,05:44,06:26,06:58,20:22,20:55,21:37,22:23
2031-09-04,04:55,05:42,06:24,06:57,20:24,20:57,21:39,22:26
2031-09-03,04:53,05:40,06:22,06:55,20:26,20:59,21:42,22:28
2031-09-02,04:51,05:38,06:21,06:54,20:29,21:02,21:44,22:31
2031-09-01,04:48,05:36,06:19,06:52,20:31,21:04,21:47,22:35
2031-08-31,04:46,05:34,06:17,06:50,20:33,21:06,21:50,22:38
2031-08-30,04:44,05:32,06:15,06:49,20:35,21:09,21:52,22:41
2031-08-29,04:41,05:30,06:14,06:47,20:38,21:11,21:55,22:44
2031-08-28,04:39,05:28,06:12,06:46,20:40,21:13,21:57,22:47
2031-08-27,04:36,05:26,06:10,06:44,20:42,21:16,22:00,22:50
2031-08-26,04:33,05:24,06:08,06:42,20:44,21:18,22:03,22:53
2031-08-25,04:31,05:22,06:07,06:41,20:46,21:20,22:05,22:56
2031-08-24,04:28,05:20,06:05,06:39,20:48,21:23,22:08,22:59
2031-08-23,04:26,05:18,06:03,06:38,20:51,21:25,22:10,23:03
2031-08-22,04:23,05:16,06:01,06:36,20:53,21:27,22:13,23:06
2031-08-21,04:20,05:14,06:00,06:34,20:55,21:30,22:16,23:09
2031-08-20,04:17,05:12,05:58,06:33,20:57,21:32,22:18,23:12
2031-08-19,04:14,05:09,05:56,06:31,20:59,21:34,22:21,23:16
2031-08-18,04:12,05:07,05:54,06:30,21:01,21:36,22:23,23:19
2031-08-17,04:09,05:05,05:53,06:28,21:03,21:38,22:26,23:22
2031-08-16,04:06,05:03,05:51,06:26,21:05,21:41,22:29,23:26
2031-08-15,04:03,05:01,05:49,06:25,21:07,21:43,22:31,23:29
2031-08-14,03:59,04:59,05:47,06:23,21:09,21:45,22:34,23:33
2031-08-13,03:56,04:56,05:45,06:22,21:11,21:47,22:36,23:36
2031-08-12,03:53,04:54,05:44,06:20,21:13,21:49,22:39,23:40
2031-08-11,03:50,04:52,05:42,06:18,21:15,21:51,22:41,23:43
2031-08-10,03:46,04:50,05:40,06:17,21:17,21:54,22:44,23:47
2031-08-09,03:43,04:48,05:38,06:15,21:19,21:56,22:46,23:51
2031-08-08,03:40,04:45,05:37,06:14,21:20,21:58,22:49,23:55
2031-08-07,03:36,04:43,05:35,06:12,21:22,22:00,22:51,23:58
2031-08-06,03:32,04:41,05:33,06:11,21:24,22:02,22:54,00:00
2031-08-05,03:29,04:39,05:31,06:09,21:26,22:04,22:56,00:00
2031-08-04,03:25,04:36,05:29,06:07,21:28,22:06,22:59,00:00
2031-08-03,03:21,04:34,05:28,06:06,21:29,22:08,23:01,00:00
2031-08-02,03:17,04:32,05:26,06:04,21:31,22:09,23:04,00:00
2031-08-01,03:12,04:29,05:24,06:03,21:33,22:11,23:06,00:00
2031-07-31,03:08,04:27,05:22,06:01,21:34,22:13,23:08,00:00
2031-07-30,03:04,04:25,05:21,06:00,21:36,22:15,23:11,00:00
2031-07-29,02:59,04:23,05:19,05:58,21:37,22:17,23:13,00:00
2031-07-28,02:54,04:20,05:17,05:57,21:39,22:19,23:16,00:00
2031-07-27,02:48,04:18,05:16,05:55,21:40,22:20,23:18,00:00
2031-07-26,02:43,04:16,05:14,05:54,21:42,22:22,23:20,00:00
2031-07-25,02:36,04:13,05:12,05:53,21:43,22:24,23:22,00:00
2031-07-24,02:29,04:11,05:11,05:51,21:45,22:25,23:25,00:00
2031-07-23,02:21,04:09,05:09,05:50,21:46,22:27,23:27,00:00
2031-07-22,02:10,04:07,05:07,05:48,21:47,22:28,23:29,00:00
2031-07-21,00:00,04:05,05:06,05:47,21:49,22:30,23:31,00:00
2031-07-20,00:00,04:02,05:04,05:46,21:50,22:31,23:33,00:00
2031-07-19,00:00,04:00,05:03,05:44,21:51,22:33,23:35,00:00
2031-07-18,00:00,03:58,05:01,05:43,21:52,22:34,23:37,00:00
2031-07-17,00:00,03:56,05:00,05:42,21:53,22:36,23:39,00:00
2031-07-16,00:00,03:54,04:58,05:41,21:54,22:37,23:41,00:00
2031-07-15,00:00,03:52,04:57,05:39,21:55,22:38,23:43,00:00
2031-07-14,00:00,03:50,04:55,05:38,21:56,22:39,23:45,00:00
2031-07-13,00:00,03:48,04:54,05:37,21:57,22:40,23:47,00:00
2031-07-12,00:00,03:46,04:53,05:36,21:58,22:41,23:48,00:00
2031-07-11,00:00,03:44,04:51,05:35,21:59,22:43,23:50,00:00
2031-07-10,00:00,03:42,04:50,05:34,22:00,22:43,23:52,00:00
2031-07-09,00:00,03:40,04:49,05:33,22:01,22:44,23:53,00:00
2031-07-08,00:00,03:38,04:48,05:32,22:01,22:45,23:55,00:00
2031-07-07,00:00,03:37,04:47,05:31,22:02,22:46,23:56,00:00
2031-07-06,00:00,03:35,04:45,05:30,22:02,22:47,23:57,00:00
2031-07-05,00:00,03:33,04:44,05:29,22:03,22:48,23:59,00:00
2031-07-04,00:00,03:32,04:43,05:28,22:03,22:48,00:00,00:00
2031-07-03,00:00,03:30,04:43,05:27,22:04,22:49,00:00,00:00
2031-07-02,00:00,03:29,04:42,05:27,22:04,22:49,00:00,00:00
2031-07-01,00:00,03:28,04:41,05:26,22:05,22:50,00:00,00:00
2031-06-30,00:00,03:27,04:40,05:25,22:05,22:50,00:00,00:00
2031-06-29,00:00,03:25,04:39,05:25,22:05,22:50,00:00,00:00
2031-06-28,00:00,03:24,04:39,05:24,22:05,22:51,00:00,00:00
2031-06-27,00:00,03:24,04:38,05:23,22:05,22:51,00:00,00:00
2031-06-26,00:00,03:23,04:37,05:23,22:05,22:51,00:00,00:00
2031-06-25,00:00,03:22,04:37,05:23,22:06,22:51,00:00,00:00
2031-06-24,00:00,03:21,04:37,05:22,22:05,22:51,00:00,00:00
2031-06-23,00:00,03:21,04:36,05:22,22:05,22:51,00:00,00:00
2031-06-22,00:00,03:21,04:36,05:22,22:05,22:51,00:00,00:00
2031-06-21,00:00,03:20,04:36,05:21,22:05,22:51,00:00,00:00
2031-06-20,00:00,03:20,04:35,05:21,22:05,22:50,00:00,00:00
2031-06-19,00:00,03:20,04:35,05:21,22:05,22:50,00:00,00:00
2031-06-18,00:00,03:20,04:35,05:21,22:04,22:50,00:00,00:00
2031-06-17,00:00,03:20,04:35,05:21,22:04,22:49,00:00,00:00
2031-06-16,00:00,03:21,04:35,05:21,22:03,22:49,00:00,00:00
2031-06-15,00:00,03:21,04:35,05:21,22:03,22:48,00:00,00:00
2031-06-14,00:00,03:22,04:36,05:21,22:02,22:48,00:00,00:00
2031-06-13,00:00,03:22,04:36,05:21,22:02,22:47,00:00,00:00
2031-06-12,00:00,03:23,04:36,05:21,22:01,22:46,00:00,00:00
2031-06-11,00:00,03:24,04:37,05:22,22:00,22:45,23:58,00:00
2031-06-10,00:00,03:25,04:37,05:22,22:00,22:45,23:57,00:00
2031-06-09,00:00,03:26,04:38,05:22,21:59,22:44,23:56,00:00
2031-06-08,00:00,03:27,04:38,05:23,21:58,22:43,23:54,00:00
2031-06-07,00:00,03:28,04:39,05:23,21:57,22:42,23:53,00:00
2031-06-06,00:00,03:29,04:40,05:24,21:56,22:41,23:51,00:00
2031-06-05,00:00,03:30,04:40,05:24,21:55,22:40,23:49,00:00
2031-06-04,00:00,03:32,04:41,05:25,21:54,22:38,23:48,00:00
2031-06-03,00:00,03:33,04:42,05:26,21:53,22:37,23:46,00:00
2031-06-02,00:00,03:35,04:43,05:27,21:52,22:36,23:44,00:00
2031-06-01,00:00,03:36,04:44,05:27,21:51,22:35,23:42,00:00
2031-05-31,00:00,03:38,04:45,05:28,21:50,22:33,23:40,00:00
2031-05-30,00:00,03:40,04:46,05:29,21:49,22:32,23:38,00:00
2031-05-29,00:00,03:41,04:47,05:30,21:48,22:31,23:36,00:00
2031-05-28,00:00,03:43,04:48,05:31,21:46,22:29,23:34,00:00
2031-05-27,00:00,03:45,04:50,05:32,21:45,22:28,23:32,00:00
2031-05-26,00:00,03:47,04:51,05:33,21:44,22:26,23:30,00:00
2031-05-25,00:00,03:49,04:52,05:34,21:43,22:25,23:28,00:00
2031-05-24,00:00,03:51,04:53,05:35,21:41,22:23,23:25,00:00
2031-05-23,00:00,03:53,04:55,05:36,21:40,22:21,23:23,00:00
2031-05-22,00:00,03:55,04:56,05:38,21:39,22:20,23:21,00:00
2031-05-21,02:03,03:57,04:58,05:39,21:37,22:18,23:19,00:00
2031-05-20,02:13,04:00,04:59,05:40,21:36,22:16,23:16,00:00
2031-05-19,02:21,04:02,05:01,05:41,21:34,22:15,23:14,00:00
2031-05-18,02:28,04:04,05:03,05:43,21:33,22:13,23:12,00:00
2031-05-17,02:34,04:06,05:04,05:44,21:31,22:11,23:09,00:00
2031-05-16,02:40,04:09,05:06,05:46,21:30,22:10,23:07,00:00
2031-05-15,02:45,04:11,05:08,05:47,21:28,22:08,23:05,00:00
2031-05-14,02:50,04:13,05:09,05:49,21:27,22:06,23:02,00:00
2031-05-13,02:55,04:16,05:11,05:50,21:25,22:04,23:00,00:00
2031-05-12,03:00,04:18,05:13,05:52,21:24,22:03,22:58,00:00
2031-05-11,03:04,04:20,05:15,05:53,21:22,22:01,22:55,00:00
2031-05-10,03:08,04:23,05:17,05:55,21:21,21:59,22:53,00:00
2031-05-09,03:13,04:25,05:19,05:57,21:19,21:57,22:51,00:00
2031-05-08,03:17,04:28,05:21,05:58,21:17,21:55,22:48,23:59
2031-05-07,03:21,04:30,05:22,06:00,21:16,21:53,22:46,23:55
2031-05-06,03:25,04:32,05:24,06:02,21:14,21:52,22:44,23:51
2031-05-05,03:28,04:35,05:26,06:04,21:13,21:50,22:41,23:48
2031-05-04,03:32,04:37,05:28,06:06,21:11,21:48,22:39,23:44
2031-05-03,03:36,04:40,05:30,06:07,21:09,21:46,22:37,23:41
2031-05-02,03:40,04:42,05:33,06:09,21:08,21:44,22:34,23:37
2031-05-01,03:43,04:45,05:35,06:11,21:06,21:42,22:32,23:34
2031-04-30,03:47,04:47,05:37,06:13,21:04,21:41,22:30,23:30
2031-04-29,03:50,04:50,05:39,06:15,21:03,21:39,22:28,23:27
2031-04-28,03:54,04:53,05:41,06:17,21:01,21:37,22:25,23:24
2031-04-27,03:57,04:55,05:43,06:19,20:59,21:35,22:23,23:21
2031-04-26,04:01,04:58,05:45,06:21,20:58,21:33,22:21,23:18
2031-04-25,04:04,05:00,05:48,06:23,20:56,21:31,22:19,23:15
2031-04-24,04:07,05:03,05:50,06:25,20:54,21:29,22:16,23:12
2031-04-23,04:11,05:05,05:52,06:27,20:53,21:28,22:14,23:09
2031-04-22,04:14,05:08,05:54,06:29,20:51,21:26,22:12,23:06
2031-04-21,04:17,05:11,05:56,06:31,20:49,21:24,22:10,23:03
2031-04-20,04:21,05:13,05:59,06:33,20:48,21:22,22:08,23:00
2031-04-19,04:24,05:16,06:01,06:35,20:46,21:20,22:05,22:57
2031-04-18,04:27,05:18,06:03,06:37,20:44,21:18,22:03,22:55
2031-04-17,04:30,05:21,06:05,06:39,20:43,21:17,22:01,22:52
2031-04-16,04:33,05:23,06:08,06:42,20:41,21:15,21:59,22:49
2031-04-15,04:36,05:26,06:10,06:44,20:39,21:13,21:57,22:47
2031-04-14,04:40,05:29,06:12,06:46,20:37,21:11,21:55,22:44
2031-04-13,04:43,05:31,06:15,06:48,20:36,21:09,21:53,22:41
2031-04-12,04:46,05:34,06:17,06:50,20:34,21:07,21:51,22:39
2031-04-11,04:49,05:36,06:19,06:53,20:32,21:06,21:49,22:36
2031-04-10,04:52,05:39,06:22,06:55,20:31,21:04,21:47,22:34
2031-04-09,04:55,05:41,06:24,06:57,20:29,21:02,21:45,22:31
2031-04-08,04:58,05:44,06:26,06:59,20:27,21:00,21:43,22:29
2031-04-07,05:01,05:47,06:29,07:01,20:26,20:58,21:41,22:27
2031-04-06,05:04,05:49,06:31,07:04,20:24,20:57,21:39,22:24
2031-04-05,05:06,05:52,06:33,07:06,20:22,20:55,21:37,22:22
2031-04-04,05:09,05:54,06:36,07:08,20:21,20:53,21:35,22:20
2031-04-03,05:12,05:57,06:38,07:10,20:19,20:51,21:33,22:17
2031-04-02,05:15,05:59,06:40,07:13,20:17,20:50,21:31,22:15
2031-04-01,05:18,06:02,06:43,07:15,20:16,20:48,21:29,22:13
2031-03-31,05:21,06:04,06:45,07:17,20:14,20:46,21:27,22:11
2031-03-30,05:23,06:07,06:47,07:20,20:12,20:44,21:25,22:08
2031-03-29,04:26,05:09,05:50,06:22,19:11,19:43,20:23,21:06
2031-03-28,04:29,05:12,05:52,06:24,19:09,19:41,20:21,21:04
2031-03-27,04:32,05:14,05:54,06:26,19:07,19:39,20:19,21:02
2031-03-26,04:34,05:17,05:57,06:29,19:05,19:37,20:17,21:00
2031-03-25,04:37,05:19,05:59,06:31,19:04,19:36,20:16,20:58
2031-03-24,04:40,05:22,06:02,06:33,19:02,19:34,20:14,20:56
2031-03-23,04:43,05:24,06:04,06:36,19:00,19:32,20:12,20:54
2031-03-22,04:45,05:27,06:06,06:38,18:59,19:30,20:10,20:51
2031-03-21,04:48,05:29,06:09,06:40,18:57,19:29,20:08,20:49
2031-03-20,04:50,05:31,06:11,06:42,18:55,19:27,20:06,20:47
2031-03-19,04:53,05:34,06:13,06:45,18:54,19:25,20:05,20:45
2031-03-18,04:55,05:36,06:15,06:47,18:52,19:24,20:03,20:43
2031-03-17,04:58,05:39,06:18,06:49,18:50,19:22,20:01,20:42
2031-03-16,05:01,05:41,06:20,06:52,18:49,19:20,19:59,20:40
2031-03-15,05:03,05:43,06:22,06:54,18:47,19:18,19:57,20:38
2031-03-14,05:06,05:46,06:25,06:56,18:45,19:17,19:56,20:36
2031-03-13,05:08,05:48,06:27,06:58,18:43,19:15,19:54,20:34
2031-03-12,05:10,05:50,06:29,07:01,18:42,19:13,19:52,20:32
2031-03-11,05:13,05:53,06:31,07:03,18:40,19:11,19:50,20:30
2031-03-10,05:15,05:55,06:34,07:05,18:38,19:10,19:49,20:28
2031-03-09,05:18,05:57,06:36,07:07,18:36,19:08,19:47,20:26
2031-03-08,05:20,05:59,06:38,07:10,18:35,19:06,19:45,20:24
2031-03-07,05:22,06:02,06:40,07:12,18:33,19:05,19:43,20:23
2031-03-06,05:24,06:04,06:42,07:14,18:31,19:03,19:42,20:21
2031-03-05,05:27,06:06,06:45,07:16,18:29,19:01,19:40,20:19
2031-03-04,05:29,06:08,06:47,07:18,18:28,18:59,19:38,20:17
2031-03-03,05:31,06:10,06:49,07:21,18:26,18:58,19:36,20:15
2031-03-02,05:33,06:12,06:51,07:23,18:24,18:56,19:35,20:14
2031-03-01,05:36,06:15,06:53,07:25,18:22,18:54,19:33,20:12
2031-02-28,05:38,06:17,06:55,07:27,18:21,18:53,19:31,20:10
2031-02-27,05:40,06:19,06:57,07:29,18:19,18:51,19:30,20:08
2031-02-26,05:42,06:21,06:59,07:31,18:17,18:49,19:28,20:07
2031-02-25,05:44,06:23,07:01,07:34,18:15,18:47,19:26,20:05
2031-02-24,05:46,06:25,07:04,07:36,18:14,18:46,19:24,20:03
2031-02-23,05:48,06:27,07:06,07:38,18:12,18:44,19:23,20:01
2031-02-22,05:50,06:29,07:08,07:40,18:10,18:42,19:21,20:00
2031-02-21,05:52,06:31,07:10,07:42,18:08,18:40,19:19,19:58
2031-02-20,05:54,06:33,07:11,07:44,18:06,18:39,19:18,19:56
2031-02-19,05:56,06:34,07:13,07:46,18:05,18:37,19:16,19:55
2031-02-18,05:58,06:36,07:15,07:48,18:03,18:35,19:14,19:53
2031-02-17,05:59,06:38,07:17,07:50,18:01,18:34,19:13,19:51
2031-02-16,06:01,06:40,07:19,07:52,17:59,18:32,19:11,19:50
2031-02-15,06:03,06:42,07:21,07:54,17:57,18:30,19:09,19:48
2031-02-14,06:05,06:43,07:23,07:56,17:55,18:28,19:08,19:46
2031-02-13,06:07,06:45,07:24,07:57,17:54,18:27,19:06,19:45
2031-02-12,06:08,06:47,07:26,07:59,17:52,18:25,19:04,19:43
2031-02-11,06:10,06:49,07:28,08:01,17:50,18:23,19:03,19:41
2031-02-10,06:11,06:50,07:30,08:03,17:48,18:21,19:01,19:40
2031-02-09,06:13,06:52,07:31,08:05,17:46,18:20,18:59,19:38
2031-02-08,06:15,06:53,07:33,08:07,17:44,18:18,18:58,19:36
2031-02-07,06:16,06:55,07:35,08:08,17:43,18:16,18:56,19:35
2031-02-06,06:18,06:56,07:36,08:10,17:41,18:15,18:54,19:33
2031-02-05,06:19,06:58,07:38,08:12,17:39,18:13,18:53,19:32
2031-02-04,06:20,06:59,07:39,08:13,17:37,18:11,18:51,19:30
2031-02-03,06:22,07:01,07:41,08:15,17:35,18:09,18:50,19:29
2031-02-02,06:23,07:02,07:42,08:17,17:34,18:08,18:48,19:27
2031-02-01,06:24,07:03,07:44,08:18,17:32,18:06,18:46,19:25
2031-01-31,06:26,07:05,07:45,08:20,17:30,18:04,18:45,19:24
2031-01-30,06:27,07:06,07:46,08:21,17:28,18:03,18:43,19:22
2031-01-29,06:28,07:07,07:48,08:23,17:26,18:01,18:42,19:21
2031-01-28,06:29,07:08,07:49,08:24,17:25,17:59,18:40,19:19
2031-01-27,06:30,07:10,07:50,08:25,17:23,17:58,18:39,19:18
2031-01-26,06:31,07:11,07:52,08:27,17:21,17:56,18:37,19:16
2031-01-25,06:32,07:12,07:53,08:28,17:19,17:55,18:35,19:15
2031-01-24,06:33,07:13,07:54,08:29,17:18,17:53,18:34,19:14
2031-01-23,06:34,07:14,07:55,08:30,17:16,17:51,18:33,19:12
2031-01-22,06:35,07:15,07:56,08:32,17:14,17:50,18:31,19:11
2031-01-21,06:36,07:16,07:57,08:33,17:12,17:48,18:30,19:09
2031-01-20,06:37,07:16,07:58,08:34,17:11,17:47,18:28,19:08
2031-01-19,06:37,07:17,07:59,08:35,17:09,17:45,18:27,19:07
2031-01-18,06:38,07:18,08:00,08:36,17:08,17:44,18:25,19:05
2031-01-17,06:39,07:19,08:01,08:37,17:06,17:42,18:24,19:04
2031-01-16,06:39,07:19,08:01,08:38,17:04,17:41,18:23,19:03
2031-01-15,06:40,07:20,08:02,08:39,17:03,17:39,18:21,19:01
2031-01-14,06:41,07:21,08:03,08:39,17:01,17:38,18:20,19:00
2031-01-13,06:41,07:21,08:03,08:40,17:00,17:37,18:19,18:59
2031-01-12,06:42,07:22,08:04,08:41,16:58,17:35,18:17,18:58
2031-01-11,06:42,07:22,08:05,08:42,16:57,17:34,18:16,18:56
2031-01-10,06:42,07:23,08:05,08:42,16:55,17:33,18:15,18:55
2031-01-09,06:43,07:23,08:06,08:43,16:54,17:31,18:14,18:54
2031-01-08,06:43,07:23,08:06,08:43,16:53,17:30,18:13,18:53
2031-01-07,06:43,07:24,08:06,08:44,16:51,17:29,18:11,18:52
2031-01-06,06:43,07:24,08:07,08:44,16:50,17:28,18:10,18:51
2031-01-05,06:44,07:24,08:07,08:44,16:49,17:26,18:09,18:50
2031-01-04,06:44,07:24,08:07,08:45,16:48,17:25,18:08,18:49
2031-01-03,06:44,07:24,08:07,08:45,16:47,17:24,18:07,18:48
2031-01-02,06:44,07:24,08:07,08:45,16:46,17:23,18:06,18:47
2031-01-01,06:44,07:24,08:07,08:45,16:44,17:22,18:05,18:46
2030-12-31,06:44,07:24,08:07,08:45,16:43,17:21,18:04,18:45
2030-12-30,06:43,07:24,08:07,08:45,16:42,17:20,18:04,18:44
2030-12-29,06:43,07:24,08:07,08:45,16:42,17:20,18:03,18:44
2030-12-28,06:43,07:24,08:07,08:45,16:41,17:19,18:02,18:43
2030-12-27,06:43,07:24,08:07,08:45,16:40,17:18,18:01,18:42
2030-12-26,06:43,07:23,08:07,08:45,16:39,17:17,18:00,18:41
2030-12-25,06:42,07:23,08:06,08:45,16:38,17:17,18:00,18:41
2030-12-24,06:42,07:23,08:06,08:44,16:38,17:16,17:59,18:40
2030-12-23,06:41,07:22,08:06,08:44,16:37,17:15,17:59,18:39
2030-12-22,06:41,07:22,08:05,08:43,16:37,17:15,17:58,18:39
2030-12-21,06:41,07:21,08:05,08:43,16:36,17:14,17:58,18:38
2030-12-20,06:40,07:21,08:04,08:42,16:36,17:14,17:57,18:38
2030-12-19,06:39,07:20,08:04,08:42,16:35,17:13,17:57,18:38
2030-12-18,06:39,07:20,08:03,08:41,16:35,17:13,17:56,18:37
2030-12-17,06:38,07:19,08:02,08:40,16:35,17:13,17:56,18:37
2030-12-16,06:37,07:18,08:02,08:40,16:34,17:12,17:56,18:36
2030-12-15,06:37,07:18,08:01,08:39,16:34,17:12,17:55,18:36
2030-12-14,06:36,07:17,08:00,08:38,16:34,17:12,17:55,18:36
2030-12-13,06:35,07:16,07:59,08:37,16:34,17:12,17:55,18:36
2030-12-12,06:34,07:15,07:58,08:36,16:34,17:12,17:55,18:36
2030-12-11,06:34,07:14,07:57,08:35,16:34,17:12,17:55,18:36
2030-12-10,06:33,07:13,07:56,08:34,16:34,17:12,17:55,18:36
2030-12-09,06:32,07:12,07:55,08:33,16:34,17:12,17:55,18:36
2030-12-08,06:31,07:11,07:54,08:32,16:35,17:12,17:55,18:36
2030-12-07,06:30,07:10,07:53,08:31,16:35,17:12,17:55,18:36
2030-12-06,06:29,07:09,07:52,08:30,16:35,17:13,17:55,18:36
2030-12-05,06:28,07:08,07:51,08:28,16:36,17:13,17:56,18:36
2030-12-04,06:27,07:07,07:50,08:27,16:36,17:13,17:56,18:36
2030-12-03,06:26,07:06,07:49,08:26,16:37,17:14,17:56,18:37
2030-12-02,06:25,07:05,07:47,08:24,16:37,17:14,17:57,18:37
2030-12-01,06:23,07:04,07:46,08:23,16:38,17:15,17:57,18:37
2030-11-30,06:22,07:03,07:45,08:22,16:38,17:15,17:58,18:38
2030-11-29,06:21,07:01,07:43,08:20,16:39,17:16,17:58,18:38
2030-11-28,06:20,07:00,07:42,08:19,16:40,17:17,17:59,18:39
2030-11-27,06:19,06:59,07:41,08:17,16:41,17:17,17:59,18:39
2030-11-26,06:17,06:58,07:39,08:16,16:42,17:18,18:00,18:40
2030-11-25,06:16,06:56,07:38,08:14,16:42,17:19,18:01,18:40
2030-11-24,06:15,06:55,07:37,08:13,16:43,17:20,18:01,18:41
2030-11-23,06:14,06:54,07:35,08:11,16:44,17:20,18:02,18:42
2030-11-22,06:12,06:52,07:34,08:10,16:45,17:21,18:03,18:43
2030-11-21,06:11,06:51,07:32,08:08,16:47,17:22,18:04,18:43
2030-11-20,06:10,06:49,07:31,08:06,16:48,17:23,18:05,18:44
2030-11-19,06:08,06:48,07:29,08:05,16:49,17:24,18:06,18:45
2030-11-18,06:07,06:46,07:28,08:03,16:50,17:25,18:07,18:46
2030-11-17,06:06,06:45,07:26,08:01,16:51,17:27,18:08,18:47
2030-11-16,06:04,06:44,07:24,08:00,16:53,17:28,18:09,18:48
2030-11-15,06:03,06:42,07:23,07:58,16:54,17:29,18:10,18:49
2030-11-14,06:01,06:41,07:21,07:56,16:55,17:30,18:11,18:50
2030-11-13,06:00,06:39,07:20,07:55,16:57,17:32,18:12,18:51
2030-11-12,05:58,06:38,07:18,07:53,16:58,17:33,18:13,18:53
2030-11-11,05:57,06:36,07:17,07:51,17:00,17:34,18:15,18:54
2030-11-10,05:55,06:35,07:15,07:49,17:01,17:36,18:16,18:55
2030-11-09,05:54,06:33,07:13,07:48,17:03,17:37,18:17,18:56
2030-11-08,05:53,06:32,07:12,07:46,17:04,17:39,18:19,18:58
2030-11-07,05:51,06:30,07:10,07:44,17:06,17:40,18:20,18:59
2030-11-06,05:50,06:28,07:08,07:42,17:08,17:42,18:22,19:01
2030-11-05,05:48,06:27,07:07,07:41,17:09,17:43,18:23,19:02
2030-11-04,05:46,06:25,07:05,07:39,17:11,17:45,18:25,19:03
2030-11-03,05:45,06:24,07:03,07:37,17:13,17:46,18:26,19:05
2030-11-02,05:43,06:22,07:02,07:35,17:15,17:48,18:28,19:06
2030-11-01,05:42,06:21,07:00,07:34,17:16,17:50,18:29,19:08
2030-10-31,05:40,06:19,06:59,07:32,17:18,17:51,18:31,19:10
2030-10-30,05:39,06:17,06:57,07:30,17:20,17:53,18:33,19:11
2030-10-29,05:37,06:16,06:55,07:28,17:22,17:55,18:34,19:13
2030-10-28,05:36,06:14,06:54,07:27,17:24,17:57,18:36,19:15
2030-10-27,05:34,06:13,06:52,07:25,17:26,17:59,18:38,19:16
2030-10-26,06:32,07:11,07:50,08:23,18:28,19:00,19:40,20:18
2030-10-25,06:31,07:09,07:49,08:21,18:30,19:02,19:41,20:20
2030-10-24,06:29,07:08,07:47,08:20,18:32,19:04,19:43,20:22
2030-10-23,06:28,07:06,07:45,08:18,18:34,19:06,19:45,20:24
2030-10-22,06:26,07:05,07:44,08:16,18:36,19:08,19:47,20:26
2030-10-21,06:24,07:03,07:42,08:14,18:38,19:10,19:49,20:28
2030-10-20,06:23,07:01,07:40,08:13,18:40,19:12,19:51,20:30
2030-10-19,06:21,07:00,07:39,08:11,18:42,19:14,19:53,20:32
2030-10-18,06:19,06:58,07:37,08:09,18:44,19:16,19:55,20:34
2030-10-17,06:18,06:57,07:35,08:07,18:46,19:18,19:57,20:36
2030-10-16,06:16,06:55,07:34,08:06,18:48,19:20,19:59,20:38
2030-10-15,06:15,06:53,07:32,08:04,18:50,19:22,20:01,20:40
2030-10-14,06:13,06:52,07:30,08:02,18:52,19:24,20:03,20:42
2030-10-13,06:11,06:50,07:29,08:01,18:55,19:26,20:05,20:44
2030-10-12,06:09,06:48,07:27,07:59,18:57,19:29,20:07,20:46
2030-10-11,06:08,06:47,07:25,07:57,18:59,19:31,20:09,20:48
2030-10-10,06:06,06:45,07:24,07:56,19:01,19:33,20:12,20:51
2030-10-09,06:04,06:44,07:22,07:54,19:03,19:35,20:14,20:53
2030-10-08,06:03,06:42,07:21,07:52,19:06,19:37,20:16,20:55
2030-10-07,06:01,06:40,07:19,07:51,19:08,19:39,20:18,20:57
2030-10-06,05:59,06:39,07:17,07:49,19:10,19:42,20:20,21:00
2030-10-05,05:57,06:37,07:16,07:47,19:12,19:44,20:23,21:02
2030-10-04,05:56,06:35,07:14,07:46,19:15,19:46,20:25,21:04
2030-10-03,05:54,06:34,07:12,07:44,19:17,19:48,20:27,21:07
2030-10-02,05:52,06:32,07:11,07:42,19:19,19:51,20:30,21:09
2030-10-01,05:50,06:30,07:09,07:41,19:21,19:53,20:32,21:12
2030-09-30,05:49,06:29,07:07,07:39,19:24,19:55,20:34,21:14
2030-09-29,05:47,06:27,07:06,07:37,19:26,19:58,20:37,21:17
2030-09-28,05:45,06:25,07:04,07:36,19:28,20:00,20:39,21:19
2030-09-27,05:43,06:23,07:03,07:34,19:31,20:02,20:41,21:22
2030-09-26,05:41,06:22,07:01,07:33,19:33,20:04,20:44,21:24
2030-09-25,05:39,06:20,06:59,07:31,19:35,20:07,20:46,21:27
2030-09-24,05:37,06:18,06:58,07:29,19:37,20:09,20:48,21:29
2030-09-23,05:36,06:17,06:56,07:28,19:40,20:11,20:51,21:32
2030-09-22,05:34,06:15,06:54,07:26,19:42,20:14,20:53,21:34
2030-09-21,05:32,06:13,06:53,07:24,19:44,20:16,20:56,21:37
2030-09-20,05:30,06:11,06:51,07:23,19:47,20:19,20:58,21:40
2030-09-19,05:28,06:10,06:49,07:21,19:49,20:21,21:01,21:42
2030-09-18,05:26,06:08,06:48,07:20,19:51,20:23,21:03,21:45
2030-09-17,05:24,06:06,06:46,07:18,19:54,20:26,21:06,21:48
2030-09-16,05:22,06:04,06:45,07:16,19:56,20:28,21:08,21:51
2030-09-15,05:20,06:03,06:43,07:15,19:58,20:30,21:11,21:53
2030-09-14,05:18,06:01,06:41,07:13,20:01,20:33,21:13,21:56
2030-09-13,05:16,05:59,06:40,07:12,20:03,20:35,21:16,21:59
2030-09-12,05:14,05:57,06:38,07:10,20:05,20:37,21:18,22:02
2030-09-11,05:11,05:55,06:36,07:08,20:08,20:40,21:21,22:05
2030-09-10,05:09,05:53,06:35,07:07,20:10,20:42,21:23,22:07
2030-09-09,05:07,05:52,06:33,07:05,20:12,20:45,21:26,22:10
2030-09-08,05:05,05:50,06:31,07:04,20:14,20:47,21:28,22:13
2030-09-07,05:03,05:48,06:29,07:02,20:17,20:49,21:31,22:16
2030-09-06,05:01,05:46,06:28,07:00,20:19,20:52,21:34,22:19
2030-09-05,04:58,05:44,06:26,06:59,20:21,20:54,21:36,22:22
2030-09-04,04:56,05:42,06:24,06:57,20:24,20:56,21:39,22:25
2030-09-03,04:54,05:40,06:23,06:56,20:26,20:59,21:41,22:28
2030-09-02,04:51,05:38,06:21,06:54,20:28,21:01,21:44,22:31
2030-09-01,04:49,05:36,06:19,06:52,20:30,21:04,21:46,22:34
2030-08-31,04:47,05:34,06:18,06:51,20:33,21:06,21:49,22:37
2030-08-30,04:44,05:32,06:16,06:49,20:35,21:08,21:52,22:40
2030-08-29,04:42,05:30,06:14,06:48,20:37,21:11,21:54,22:43
2030-08-28,04:39,05:28,06:12,06:46,20:39,21:13,21:57,22:46
2030-08-27,04:37,05:26,06:11,06:44,20:41,21:15,21:59,22:49
2030-08-26,04:34,05:24,06:09,06:43,20:44,21:18,22:02,22:52
2030-08-25,04:32,05:22,06:07,06:41,20:46,21:20,22:05,22:55
2030-08-24,04:29,05:20,06:05,06:40,20:48,21:22,22:07,22:59
2030-08-23,04:26,05:18,06:04,06:38,20:50,21:24,22:10,23:02
2030-08-22,04:24,05:16,06:02,06:36,20:52,21:27,22:12,23:05
2030-08-21,04:21,05:14,06:00,06:35,20:54,21:29,22:15,23:08
2030-08-20,04:18,05:12,05:58,06:33,20:56,21:31,22:18,23:12
2030-08-19,04:15,05:10,05:57,06:32,20:58,21:33,22:20,23:15
2030-08-18,04:12,05:08,05:55,06:30,21:01,21:36,22:23,23:18
2030-08-17,04:09,05:06,05:53,06:28,21:03,21:38,22:25,23:22
2030-08-16,04:06,05:03,05:51,06:27,21:05,21:40,22:28,23:25
2030-08-15,04:03,05:01,05:49,06:25,21:07,21:42,22:30,23:28
2030-08-14,04:00,04:59,05:48,06:24,21:09,21:44,22:33,23:32
2030-08-13,03:57,04:57,05:46,06:22,21:11,21:47,22:36,23:35
2030-08-12,03:54,04:55,05:44,06:20,21:12,21:49,22:38,23:39
2030-08-11,03:51,04:53,05:42,06:19,21:14,21:51,22:41,23:43
2030-08-10,03:47,04:50,05:41,06:17,21:16,21:53,22:43,23:46
2030-08-09,03:44,04:48,05:39,06:16,21:18,21:55,22:46,23:50
2030-08-08,03:40,04:46,05:37,06:14,21:20,21:57,22:48,23:54
2030-08-07,03:37,04:44,05:35,06:13,21:22,21:59,22:51,23:57
2030-08-06,03:33,04:41,05:33,06:11,21:24,22:01,22:53,00:00
2030-08-05,03:30,04:39,05:32,06:09,21:25,22:03,22:56,00:00
2030-08-04,03:26,04:37,05:30,06:08,21:27,22:05,22:58,00:00
2030-08-03,03:22,04:35,05:28,06:06,21:29,22:07,23:01,00:00
2030-08-02,03:18,04:32,05:26,06:05,21:31,22:09,23:03,00:00
2030-08-01,03:14,04:30,05:25,06:03,21:32,22:11,23:06,00:00
2030-07-31,03:09,04:28,05:23,06:02,21:34,22:13,23:08,00:00
2030-07-30,03:05,04:25,05:21,06:00,21:35,22:15,23:10,00:00
2030-07-29,03:00,04:23,05:19,05:59,21:37,22:16,23:13,00:00
2030-07-28,02:55,04:21,05:18,05:57,21:39,22:18,23:15,00:00
2030-07-27,02:50,04:19,05:16,05:56,21:40,22:20,23:17,00:00
2030-07-26,02:44,04:16,05:14,05:54,21:42,22:22,23:20,00:00
2030-07-25,02:38,04:14,05:13,05:53,21:43,22:23,23:22,00:00
2030-07-24,02:31,04:12,05:11,05:51,21:44,22:25,23:24,00:00
2030-07-23,02:23,04:10,05:09,05:50,21:46,22:27,23:26,00:00
2030-07-22,02:13,04:07,05:08,05:49,21:47,22:28,23:29,00:00
2030-07-21,00:00,04:05,05:06,05:47,21:48,22:30,23:31,00:00
2030-07-20,00:00,04:03,05:05,05:46,21:50,22:31,23:33,00:00
2030-07-19,00:00,04:01,05:03,05:45,21:51,22:32,23:35,00:00
2030-07-18,00:00,03:58,05:01,05:43,21:52,22:34,23:37,00:00
2030-07-17,00:00,03:56,05:00,05:42,21:53,22:35,23:39,00:00
2030-07-16,00:00,03:54,04:59,05:41,21:54,22:37,23:41,00:00
2030-07-15,00:00,03:52,04:57,05:40,21:55,22:38,23:43,00:00
2030-07-14,00:00,03:50,04:56,05:38,21:56,22:39,23:45,00:00
2030-07-13,00:00,03:48,04:54,05:37,21:57,22:40,23:46,00:00
2030-07-12,00:00,03:46,04:53,05:36,21:58,22:41,23:48,00:00
2030-07-11,00:00,03:44,04:52,05:35,21:59,22:42,23:50,00:00
2030-07-10,00:00,03:42,04:50,05:34,22:00,22:43,23:51,00:00
2030-07-09,00:00,03:40,04:49,05:33,22:00,22:44,23:53,00:00
2030-07-08,00:00,03:39,04:48,05:32,22:01,22:45,23:54,00:00
2030-07-07,00:00,03:37,04:47,05:31,22:02,22:46,23:56,00:00
2030-07-06,00:00,03:35,04:46,05:30,22:02,22:47,23:57,00:00
2030-07-05,00:00,03:34,04:45,05:29,22:03,22:47,23:58,00:00
2030-07-04,00:00,03:32,04:44,05:28,22:03,22:48,00:00,00:00
2030-07-03,00:00,03:31,04:43,05:28,22:04,22:49,00:00,00:00
2030-07-02,00:00,03:29,04:42,05:27,22:04,22:49,00:00,00:00
2030-07-01,00:00,03:28,04:41,05:26,22:05,22:50,00:00,00:00
2030-06-30,00:00,03:27,04:40,05:25,22:05,22:50,00:00,00:00
2030-06-29,00:00,03:26,04:39,05:25,22:05,22:50,00:00,00:00
2030-06-28,00:00,03:25,04:39,05:24,22:05,22:51,00:00,00:00
2030-06-27,00:00,03:24,04:38,05:24,22:05,22:51,00:00,00:00
2030-06-26,00:00,03:23,04:38,05:23,22:05,22:51,00:00,00:00
2030-06-25,00:00,03:22,04:37,05:23,22:06,22:51,00:00,00:00
2030-06-24,00:00,03:22,04:37,05:22,22:05,22:51,00:00,00:00
2030-06-23,00:00,03:21,04:36,05:22,22:05,22:51,00:00,00:00
2030-06-22,00:00,03:21,04:36,05:22,22:05,22:51,00:00,00:00
2030-06-21,00:00,03:20,04:36,05:21,22:05,22:51,00:00,00:00
2030-06-20,00:00,03:20,04:35,05:21,22:05,22:51,00:00,00:00
2030-06-19,00:00,03:20,04:35,05:21,22:05,22:50,00:00,00:00
2030-06-18,00:00,03:20,04:35,05:21,22:04,22:50,00:00,00:00
2030-06-17,00:00,03:20,04:35,05:21,22:04,22:49,00:00,00:00
2030-06-16,00:00,03:21,04:35,05:21,22:03,22:49,00:00,00:00
2030-06-15,00:00,03:21,04:35,05:21,22:03,22:48,00:00,00:00
2030-06-14,00:00,03:21,04:36,05:21,22:02,22:48,00:00,00:00
2030-06-13,00:00,03:22,04:36,05:21,22:02,22:47,00:00,00:00
2030-06-12,00:00,03:23,04:36,05:21,22:01,22:46,00:00,00:00
2030-06-11,00:00,03:23,04:37,05:22,22:01,22:46,23:59,00:00
2030-06-10,00:00,03:24,04:37,05:22,22:00,22:45,23:57,00:00
2030-06-09,00:00,03:25,04:37,05:22,21:59,22:44,23:56,00:00
2030-06-08,00:00,03:26,04:38,05:23,21:58,22:43,23:55,00:00
2030-06-07,00:00,03:27,04:39,05:23,21:57,22:42,23:53,00:00
2030-06-06,00:00,03:29,04:39,05:24,21:56,22:41,23:52,00:00
2030-06-05,00:00,03:30,04:40,05:24,21:56,22:40,23:50,00:00
2030-06-04,00:00,03:31,04:41,05:25,21:55,22:39,23:48,00:00
2030-06-03,00:00,03:33,04:42,05:26,21:54,22:37,23:46,00:00
2030-06-02,00:00,03:34,04:43,05:26,21:53,22:36,23:44,00:00
2030-06-01,00:00,03:36,04:44,05:27,21:51,22:35,23:43,00:00
2030-05-31,00:00,03:38,04:45,05:28,21:50,22:34,23:41,00:00
2030-05-30,00:00,03:39,04:46,05:29,21:49,22:32,23:39,00:00
2030-05-29,00:00,03:41,04:47,05:30,21:48,22:31,23:37,00:00
2030-05-28,00:00,03:43,04:48,05:31,21:47,22:29,23:35,00:00
2030-05-27,00:00,03:45,04:49,05:32,21:46,22:28,23:32,00:00
2030-05-26,00:00,03:47,04:50,05:33,21:44,22:26,23:30,00:00
2030-05-25,00:00,03:49,04:52,05:34,21:43,22:25,23:28,00:00
2030-05-24,00:00,03:51,04:53,05:35,21:42,22:23,23:26,00:00
2030-05-23,00:00,03:53,04:55,05:36,21:40,22:22,23:24,00:00
2030-05-22,00:00,03:55,04:56,05:37,21:39,22:20,23:21,00:00
2030-05-21,00:00,03:57,04:57,05:39,21:38,22:19,23:19,00:00
2030-05-20,02:11,03:59,04:59,05:40,21:36,22:17,23:17,00:00
2030-05-19,02:19,04:01,05:01,05:41,21:35,22:15,23:15,00:00
2030-05-18,02:26,04:03,05:02,05:42,21:33,22:14,23:12,00:00
2030-05-17,02:33,04:06,05:04,05:44,21:32,22:12,23:10,00:00
2030-05-16,02:38,04:08,05:05,05:45,21:30,22:10,23:08,00:00
2030-05-15,02:44,04:10,05:07,05:47,21:29,22:08,23:05,00:00
2030-05-14,02:49,04:13,05:09,05:48,21:27,22:07,23:03,00:00
2030-05-13,02:54,04:15,05:11,05:50,21:26,22:05,23:01,00:00
2030-05-12,02:58,04:17,05:13,05:51,21:24,22:03,22:58,00:00
2030-05-11,03:03,04:20,05:14,05:53,21:23,22:01,22:56,00:00
2030-05-10,03:07,04:22,05:16,05:55,21:21,21:59,22:54,00:00
2030-05-09,03:12,04:25,05:18,05:56,21:19,21:58,22:51,00:00
2030-05-08,03:16,04:27,05:20,05:58,21:18,21:56,22:49,00:00
2030-05-07,03:20,04:29,05:22,06:00,21:16,21:54,22:47,23:56
2030-05-06,03:24,04:32,05:24,06:02,21:15,21:52,22:44,23:52
2030-05-05,03:28,04:34,05:26,06:03,21:13,21:50,22:42,23:49
2030-05-04,03:31,04:37,05:28,06:05,21:11,21:48,22:40,23:45
2030-05-03,03:35,04:39,05:30,06:07,21:10,21:47,22:37,23:41
2030-05-02,03:39,04:42,05:32,06:09,21:08,21:45,22:35,23:38
2030-05-01,03:42,04:44,05:34,06:11,21:06,21:43,22:33,23:35
2030-04-30,03:46,04:47,05:36,06:13,21:05,21:41,22:30,23:31
2030-04-29,03:50,04:49,05:38,06:14,21:03,21:39,22:28,23:28
2030-04-28,03:53,04:52,05:40,06:16,21:01,21:37,22:26,23:25
2030-04-27,03:56,04:55,05:43,06:18,21:00,21:35,22:24,23:22
2030-04-26,04:00,04:57,05:45,06:20,20:58,21:34,22:21,23:18
2030-04-25,04:03,05:00,05:47,06:22,20:56,21:32,22:19,23:15
2030-04-24,04:07,05:02,05:49,06:24,20:55,21:30,22:17,23:12
2030-04-23,04:10,05:05,05:51,06:26,20:53,21:28,22:15,23:09
2030-04-22,04:13,05:07,05:54,06:28,20:51,21:26,22:12,23:06
2030-04-21,04:17,05:10,05:56,06:31,20:50,21:24,22:10,23:04
2030-04-20,04:20,05:12,05:58,06:33,20:48,21:22,22:08,23:01
2030-04-19,04:23,05:15,06:00,06:35,20:46,21:21,22:06,22:58
2030-04-18,04:26,05:18,06:03,06:37,20:45,21:19,22:04,22:55
2030-04-17,04:29,05:20,06:05,06:39,20:43,21:17,22:02,22:52
2030-04-16,04:33,05:23,06:07,06:41,20:41,21:15,22:00,22:50
2030-04-15,04:36,05:25,06:09,06:43,20:40,21:13,21:57,22:47
2030-04-14,04:39,05:28,06:12,06:45,20:38,21:12,21:55,22:45
2030-04-13,04:42,05:31,06:14,06:48,20:36,21:10,21:53,22:42
2030-04-12,04:45,05:33,06:16,06:50,20:35,21:08,21:51,22:39
2030-04-11,04:48,05:36,06:19,06:52,20:33,21:06,21:49,22:37
2030-04-10,04:51,05:38,06:21,06:54,20:31,21:04,21:47,22:34
2030-04-09,04:54,05:41,06:23,06:56,20:29,21:03,21:45,22:32
2030-04-08,04:57,05:43,06:26,06:59,20:28,21:01,21:43,22:30
2030-04-07,05:00,05:46,06:28,07:01,20:26,20:59,21:41,22:27
2030-04-06,05:03,05:48,06:30,07:03,20:24,20:57,21:39,22:25
2030-04-05,05:06,05:51,06:33,07:05,20:23,20:55,21:37,22:22
2030-04-04,05:09,05:54,06:35,07:08,20:21,20:54,21:35,22:20
2030-04-03,05:12,05:56,06:37,07:10,20:19,20:52,21:33,22:18
2030-04-02,05:14,05:59,06:40,07:12,20:18,20:50,21:31,22:16
2030-04-01,05:17,06:01,06:42,07:14,20:16,20:48,21:29,22:13
2030-03-31,05:20,06:04,06:45,07:17,20:14,20:47,21:27,22:11
2030-03-30,04:23,05:06,05:47,06:19,19:13,19:45,20:25,21:09
2030-03-29,04:26,05:09,05:49,06:21,19:11,19:43,20:24,21:07
2030-03-28,04:28,05:11,05:52,06:24,19:09,19:41,20:22,21:05
2030-03-27,04:31,05:14,05:54,06:26,19:08,19:40,20:20,21:02
2030-03-26,04:34,05:16,05:56,06:28,19:06,19:38,20:18,21:00
2030-03-25,04:37,05:19,05:59,06:30,19:04,19:36,20:16,20:58
2030-03-24,04:39,05:21,06:01,06:33,19:03,19:34,20:14,20:56
2030-03-23,04:42,05:24,06:03,06:35,19:01,19:33,20:12,20:54
2030-03-22,04:45,05:26,06:06,06:37,18:59,19:31,20:11,20:52
2030-03-21,04:47,05:28,06:08,06:40,18:57,19:29,20:09,20:50
2030-03-20,04:50,05:31,06:10,06:42,18:56,19:27,20:07,20:48
2030-03-19,04:52,05:33,06:13,06:44,18:54,19:26,20:05,20:46
2030-03-18,04:55,05:36,06:15,06:46,18:52,19:24,20:03,20:44
2030-03-17,04:57,05:38,06:17,06:49,18:51,19:22,20:01,20:42
2030-03-16,05:00,05:40,06:19,06:51,18:49,19:20,20:00,20:40
2030-03-15,05:02,05:43,06:22,06:53,18:47,19:19,19:58,20:38
2030-03-14,05:05,05:45,06:24,06:56,18:46,19:17,19:56,20:36
2030-03-13,05:07,05:47,06:26,06:58,18:44,19:15,19:54,20:34
2030-03-12,05:10,05:50,06:29,07:00,18:42,19:14,19:53,20:32
2030-03-11,05:12,05:52,06:31,07:02,18:40,19:12,19:51,20:31
2030-03-10,05:15,05:54,06:33,07:05,18:39,19:10,19:49,20:29
2030-03-09,05:17,05:57,06:35,07:07,18:37,19:08,19:47,20:27
2030-03-08,05:19,05:59,06:38,07:09,18:35,19:07,19:45,20:25
2030-03-07,05:22,06:01,06:40,07:11,18:33,19:05,19:44,20:23
2030-03-06,05:24,06:03,06:42,07:14,18:32,19:03,19:42,20:21
2030-03-05,05:26,06:05,06:44,07:16,18:30,19:02,19:40,20:19
2030-03-04,05:28,06:08,06:46,07:18,18:28,19:00,19:39,20:18
2030-03-03,05:31,06:10,06:48,07:20,18:26,18:58,19:37,20:16
2030-03-02,05:33,06:12,06:51,07:22,18:25,18:56,19:35,20:14
2030-03-01,05:35,06:14,06:53,07:24,18:23,18:55,19:33,20:12
2030-02-28,05:37,06:16,06:55,07:27,18:21,18:53,19:32,20:11
2030-02-27,05:39,06:18,06:57,07:29,18:19,18:51,19:30,20:09
2030-02-26,05:41,06:20,06:59,07:31,18:18,18:50,19:28,20:07
2030-02-25,05:44,06:22,07:01,07:33,18:16,18:48,19:27,20:05
2030-02-24,05:46,06:24,07:03,07:35,18:14,18:46,19:25,20:04
2030-02-23,05:48,06:26,07:05,07:37,18:12,18:44,19:23,20:02
2030-02-22,05:50,06:28,07:07,07:39,18:10,18:43,19:21,20:00
2030-02-21,05:52,06:30,07:09,07:41,18:09,18:41,19:20,19:58
2030-02-20,05:53,06:32,07:11,07:43,18:07,18:39,19:18,19:57
2030-02-19,05:55,06:34,07:13,07:45,18:05,18:37,19:16,19:55
2030-02-18,05:57,06:36,07:15,07:47,18:03,18:36,19:15,19:53
2030-02-17,05:59,06:38,07:17,07:49,18:01,18:34,19:13,19:52
2030-02-16,06:01,06:40,07:19,07:51,18:00,18:32,19:11,19:50
2030-02-15,06:03,06:41,07:20,07:53,17:58,18:30,19:10,19:48
2030-02-14,06:04,06:43,07:22,07:55,17:56,18:29,19:08,19:47
2030-02-13,06:06,06:45,07:24,07:57,17:54,18:27,19:06,19:45
2030-02-12,06:08,06:47,07:26,07:59,17:52,18:25,19:05,19:43
2030-02-11,06:09,06:48,07:28,08:01,17:50,18:24,19:03,19:42
2030-02-10,06:11,06:50,07:29,08:03,17:49,18:22,19:01,19:40
2030-02-09,06:13,06:51,07:31,08:04,17:47,18:20,19:00,19:38
2030-02-08,06:14,06:53,07:33,08:06,17:45,18:18,18:58,19:37
2030-02-07,06:16,06:55,07:34,08:08,17:43,18:17,18:56,19:35
2030-02-06,06:17,06:56,07:36,08:10,17:41,18:15,18:55,19:34
2030-02-05,06:19,06:58,07:37,08:11,17:39,18:13,18:53,19:32
2030-02-04,06:20,06:59,07:39,08:13,17:38,18:12,18:52,19:30
2030-02-03,06:21,07:00,07:40,08:15,17:36,18:10,18:50,19:29
2030-02-02,06:23,07:02,07:42,08:16,17:34,18:08,18:48,19:27
2030-02-01,06:24,07:03,07:43,08:18,17:32,18:06,18:47,19:26
2030-01-31,06:25,07:04,07:45,08:19,17:30,18:05,18:45,19:24
2030-01-30,06:27,07:06,07:46,08:21,17:29,18:03,18:44,19:23
2030-01-29,06:28,07:07,07:47,08:22,17:27,18:01,18:42,19:21
2030-01-28,06:29,07:08,07:49,08:24,17:25,18:00,18:40,19:20
2030-01-27,06:30,07:09,07:50,08:25,17:23,17:58,18:39,19:18
2030-01-26,06:31,07:10,07:51,08:26,17:21,17:57,18:37,19:17
2030-01-25,06:32,07:12,07:52,08:28,17:20,17:55,18:36,19:15
2030-01-24,06:33,07:13,07:54,08:29,17:18,17:53,18:34,19:14
2030-01-23,06:34,07:14,07:55,08:30,17:16,17:52,18:33,19:12
2030-01-22,06:35,07:14,07:56,08:31,17:15,17:50,18:31,19:11
2030-01-21,06:36,07:15,07:57,08:32,17:13,17:49,18:30,19:10
2030-01-20,06:37,07:16,07:58,08:34,17:11,17:47,18:29,19:08
2030-01-19,06:37,07:17,07:59,08:35,17:10,17:46,18:27,19:07
2030-01-18,06:38,07:18,08:00,08:36,17:08,17:44,18:26,19:06
2030-01-17,06:39,07:19,08:00,08:37,17:06,17:43,18:24,19:04
2030-01-16,06:39,07:19,08:01,08:38,17:05,17:41,18:23,19:03
2030-01-15,06:40,07:20,08:02,08:38,17:03,17:40,18:22,19:02
2030-01-14,06:40,07:21,08:03,08:39,17:02,17:38,18:20,19:00
2030-01-13,06:41,07:21,08:03,08:40,17:00,17:37,18:19,18:59
2030-01-12,06:41,07:22,08:04,08:41,16:59,17:35,18:18,18:58
2030-01-11,06:42,07:22,08:04,08:41,16:57,17:34,18:16,18:57
2030-01-10,06:42,07:23,08:05,08:42,16:56,17:33,18:15,18:56
2030-01-09,06:43,07:23,08:05,08:43,16:54,17:32,18:14,18:54
2030-01-08,06:43,07:23,08:06,08:43,16:53,17:30,18:13,18:53
2030-01-07,06:43,07:24,08:06,08:44,16:52,17:29,18:12,18:52
2030-01-06,06:43,07:24,08:07,08:44,16:50,17:28,18:11,18:51
2030-01-05,06:43,07:24,08:07,08:44,16:49,17:27,18:10,18:50
2030-01-04,06:44,07:24,08:07,08:45,16:48,17:26,18:08,18:49
2030-01-03,06:44,07:24,08:07,08:45,16:47,17:25,18:07,18:48
2030-01-02,06:44,07:24,08:07,08:45,16:46,17:24,18:06,18:47
2030-01-01,06:44,07:24,08:07,08:45,16:45,17:23,18:06,18:46
2029-12-31,06:44,07:24,08:07,08:45,16:44,17:22,18:05,18:45
2029-12-30,06:43,07:24,08:07,08:45,16:43,17:21,18:04,18:45
2029-12-29,06:43,07:24,08:07,08:45,16:42,17:20,18:03,18:44
2029-12-28,06:43,07:24,08:07,08:45,16:41,17:19,18:02,18:43
2029-12-27,06:43,07:24,08:07,08:45,16:40,17:18,18:01,18:42
2029-12-26,06:43,07:23,08:07,08:45,16:39,17:17,18:01,18:41
2029-12-25,06:42,07:23,08:06,08:45,16:39,17:17,18:00,18:41
2029-12-24,06:42,07:23,08:06,08:44,16:38,17:16,17:59,18:40
2029-12-23,06:42,07:22,08:06,08:44,16:37,17:15,17:59,18:40
2029-12-22,06:41,07:22,08:05,08:43,16:37,17:15,17:58,18:39
2029-12-21,06:41,07:22,08:05,08:43,16:36,17:14,17:58,18:39
2029-12-20,06:40,07:21,08:04,08:42,16:36,17:14,17:57,18:38
2029-12-19,06:40,07:20,08:04,08:42,16:35,17:13,17:57,18:38
2029-12-18,06:39,07:20,08:03,08:41,16:35,17:13,17:56,18:37
2029-12-17,06:38,07:19,08:02,08:41,16:35,17:13,17:56,18:37
2029-12-16,06:38,07:18,08:02,08:40,16:34,17:13,17:56,18:37
2029-12-15,06:37,07:18,08:01,08:39,16:34,17:12,17:55,18:36
2029-12-14,06:36,07:17,08:00,08:38,16:34,17:12,17:55,18:36
2029-12-13,06:35,07:16,07:59,08:37,16:34,17:12,17:55,18:36
2029-12-12,06:35,07:15,07:58,08:36,16:34,17:12,17:55,18:36
2029-12-11,06:34,07:15,07:58,08:35,16:34,17:12,17:55,18:36
2029-12-10,06:33,07:14,07:57,08:34,16:34,17:12,17:55,18:36
2029-12-09,06:32,07:13,07:56,08:33,16:34,17:12,17:55,18:36
2029-12-08,06:31,07:12,07:55,08:32,16:35,17:12,17:55,18:36
2029-12-07,06:30,07:11,07:53,08:31,16:35,17:12,17:55,18:36
2029-12-06,06:29,07:10,07:52,08:30,16:35,17:13,17:55,18:36
2029-12-05,06:28,07:09,07:51,08:29,16:35,17:13,17:56,18:36
2029-12-04,06:27,07:07,07:50,08:27,16:36,17:13,17:56,18:36
2029-12-03,06:26,07:06,07:49,08:26,16:36,17:14,17:56,18:37
2029-12-02,06:25,07:05,07:48,08:25,16:37,17:14,17:57,18:37
2029-12-01,06:24,07:04,07:46,08:23,16:38,17:15,17:57,18:37
2029-11-30,06:23,07:03,07:45,08:22,16:38,17:15,17:57,18:38
2029-11-29,06:21,07:02,07:44,08:21,16:39,17:16,17:58,18:38
2029-11-28,06:20,07:00,07:42,08:19,16:40,17:16,17:58,18:39
2029-11-27,06:19,06:59,07:41,08:18,16:40,17:17,17:59,18:39
2029-11-26,06:18,06:58,07:40,08:16,16:41,17:18,18:00,18:40
2029-11-25,06:17,06:57,07:38,08:15,16:42,17:19,18:00,18:40
2029-11-24,06:15,06:55,07:37,08:13,16:43,17:19,18:01,18:41
2029-11-23,06:14,06:54,07:35,08:12,16:44,17:20,18:02,18:42
2029-11-22,06:13,06:52,07:34,08:10,16:45,17:21,18:03,18:42
2029-11-21,06:11,06:51,07:33,08:08,16:46,17:22,18:04,18:43
2029-11-20,06:10,06:50,07:31,08:07,16:47,17:23,18:04,18:44
2029-11-19,06:09,06:48,07:29,08:05,16:49,17:24,18:05,18:45
2029-11-18,06:07,06:47,07:28,08:03,16:50,17:25,18:06,18:46
2029-11-17,06:06,06:45,07:26,08:02,16:51,17:26,18:07,18:47
2029-11-16,06:04,06:44,07:25,08:00,16:52,17:28,18:08,18:48
2029-11-15,06:03,06:42,07:23,07:58,16:54,17:29,18:10,18:49
2029-11-14,06:02,06:41,07:22,07:57,16:55,17:30,18:11,18:50
2029-11-13,06:00,06:40,07:20,07:55,16:56,17:31,18:12,18:51
2029-11-12,05:59,06:38,07:19,07:53,16:58,17:33,18:13,18:52
2029-11-11,05:57,06:37,07:17,07:52,16:59,17:34,18:14,18:54
2029-11-10,05:56,06:35,07:15,07:50,17:01,17:35,18:16,18:55
2029-11-09,05:54,06:33,07:14,07:48,17:02,17:37,18:17,18:56
2029-11-08,05:53,06:32,07:12,07:46,17:04,17:38,18:18,18:57
2029-11-07,05:51,06:30,07:10,07:45,17:06,17:40,18:20,18:59
2029-11-06,05:50,06:29,07:09,07:43,17:07,17:41,18:21,19:00
2029-11-05,05:48,06:27,07:07,07:41,17:09,17:43,18:23,19:02
2029-11-04,05:47,06:26,07:06,07:39,17:11,17:44,18:24,19:03
2029-11-03,05:45,06:24,07:04,07:37,17:12,17:46,18:26,19:05
2029-11-02,05:44,06:23,07:02,07:36,17:14,17:48,18:27,19:06
2029-11-01,05:42,06:21,07:01,07:34,17:16,17:49,18:29,19:08
2029-10-31,05:41,06:19,06:59,07:32,17:18,17:51,18:31,19:09
2029-10-30,05:39,06:18,06:57,07:30,17:20,17:53,18:32,19:11
2029-10-29,05:38,06:16,06:56,07:29,17:21,17:55,18:34,19:13
2029-10-28,05:36,06:15,06:54,07:27,17:23,17:56,18:36,19:14
2029-10-27,06:34,07:13,07:52,08:25,18:25,18:58,19:37,20:16
2029-10-26,06:33,07:11,07:51,08:23,18:27,19:00,19:39,20:18
2029-10-25,06:31,07:10,07:49,08:22,18:29,19:02,19:41,20:20
2029-10-24,06:30,07:08,07:47,08:20,18:31,19:04,19:43,20:21
2029-10-23,06:28,07:07,07:46,08:18,18:33,19:06,19:45,20:23
2029-10-22,06:26,07:05,07:44,08:16,18:35,19:08,19:47,20:25
2029-10-21,06:25,07:03,07:42,08:15,18:37,19:10,19:48,20:27
2029-10-20,06:23,07:02,07:41,08:13,18:39,19:12,19:50,20:29
2029-10-19,06:22,07:00,07:39,08:11,18:41,19:14,19:52,20:31
2029-10-18,06:20,06:59,07:37,08:10,18:43,19:16,19:54,20:33
2029-10-17,06:18,06:57,07:36,08:08,18:46,19:18,19:56,20:35
2029-10-16,06:17,06:55,07:34,08:06,18:48,19:20,19:58,20:37
2029-10-15,06:15,06:54,07:32,08:04,18:50,19:22,20:00,20:39
2029-10-14,06:13,06:52,07:31,08:03,18:52,19:24,20:03,20:41
2029-10-13,06:12,06:50,07:29,08:01,18:54,19:26,20:05,20:44
2029-10-12,06:10,06:49,07:27,07:59,18:56,19:28,20:07,20:46
2029-10-11,06:08,06:47,07:26,07:58,18:58,19:30,20:09,20:48
2029-10-10,06:07,06:46,07:24,07:56,19:01,19:32,20:11,20:50
2029-10-09,06:05,06:44,07:23,07:54,19:03,19:35,20:13,20:52
2029-10-08,06:03,06:42,07:21,07:53,19:05,19:37,20:15,20:55
2029-10-07,06:01,06:41,07:19,07:51,19:07,19:39,20:18,20:57
2029-10-06,06:00,06:39,07:18,07:49,19:10,19:41,20:20,20:59
2029-10-05,05:58,06:37,07:16,07:48,19:12,19:43,20:22,21:02
2029-10-04,05:56,06:36,07:14,07:46,19:14,19:46,20:24,21:04
2029-10-03,05:54,06:34,07:13,07:44,19:16,19:48,20:27,21:06
2029-10-02,05:53,06:32,07:11,07:43,19:19,19:50,20:29,21:09
2029-10-01,05:51,06:31,07:09,07:41,19:21,19:52,20:31,21:11
2029-09-30,05:49,06:29,07:08,07:39,19:23,19:55,20:34,21:14
2029-09-29,05:47,06:27,07:06,07:38,19:25,19:57,20:36,21:16
2029-09-28,05:45,06:26,07:05,07:36,19:28,19:59,20:38,21:19
2029-09-27,05:44,06:24,07:03,07:35,19:30,20:02,20:41,21:21
2029-09-26,05:42,06:22,07:01,07:33,19:32,20:04,20:43,21:24
2029-09-25,05:40,06:20,07:00,07:31,19:35,20:06,20:45,21:26
2029-09-24,05:38,06:19,06:58,07:30,19:37,20:09,20:48,21:29
2029-09-23,05:36,06:17,06:56,07:28,19:39,20:11,20:50,21:31
2029-09-22,05:34,06:15,06:55,07:26,19:42,20:13,20:53,21:34
2029-09-21,05:32,06:14,06:53,07:25,19:44,20:16,20:55,21:36
2029-09-20,05:30,06:12,06:51,07:23,19:46,20:18,20:58,21:39
2029-09-19,05:28,06:10,06:50,07:22,19:49,20:20,21:00,21:42
2029-09-18,05:26,06:08,06:48,07:20,19:51,20:23,21:03,21:44
2029-09-17,05:24,06:07,06:47,07:18,19:53,20:25,21:05,21:47
2029-09-16,05:22,06:05,06:45,07:17,19:55,20:27,21:08,21:50
2029-09-15,05:20,06:03,06:43,07:15,19:58,20:30,21:10,21:53
2029-09-14,05:18,06:01,06:42,07:14,20:00,20:32,21:13,21:55
2029-09-13,05:16,05:59,06:40,07:12,20:02,20:34,21:15,21:58
2029-09-12,05:14,05:58,06:38,07:10,20:05,20:37,21:18,22:01
2029-09-11,05:12,05:56,06:37,07:09,20:07,20:39,21:20,22:04
2029-09-10,05:10,05:54,06:35,07:07,20:09,20:42,21:23,22:07
2029-09-09,05:08,05:52,06:33,07:06,20:12,20:44,21:25,22:10
2029-09-08,05:06,05:50,06:32,07:04,20:14,20:46,21:28,22:12
2029-09-07,05:03,05:48,06:30,07:02,20:16,20:49,21:30,22:15
2029-09-06,05:01,05:46,06:28,07:01,20:18,20:51,21:33,22:18
2029-09-05,04:59,05:45,06:26,06:59,20:21,20:53,21:35,22:21
2029-09-04,04:57,05:43,06:25,06:58,20:23,20:56,21:38,22:24
2029-09-03,04:54,05:41,06:23,06:56,20:25,20:58,21:41,22:27
2029-09-02,04:52,05:39,06:21,06:54,20:28,21:01,21:43,22:30
2029-09-01,04:50,05:37,06:20,06:53,20:30,21:03,21:46,22:33
2029-08-31,04:47,05:35,06:18,06:51,20:32,21:05,21:48,22:36
2029-08-30,04:45,05:33,06:16,06:50,20:34,21:08,21:51,22:39
2029-08-29,04:42,05:31,06:15,06:48,20:36,21:10,21:54,22:42
2029-08-28,04:40,05:29,06:13,06:46,20:39,21:12,21:56,22:45
2029-08-27,04:37,05:27,06:11,06:45,20:41,21:15,21:59,22:48
2029-08-26,04:35,05:25,06:09,06:43,20:43,21:17,22:01,22:52
2029-08-25,04:32,05:23,06:08,06:42,20:45,21:19,22:04,22:55
2029-08-24,04:30,05:21,06:06,06:40,20:47,21:22,22:07,22:58
2029-08-23,04:27,05:19,06:04,06:38,20:50,21:24,22:09,23:01
2029-08-22,04:24,05:17,06:02,06:37,20:52,21:26,22:12,23:04
2029-08-21,04:21,05:15,06:01,06:35,20:54,21:28,22:14,23:08
2029-08-20,04:19,05:13,05:59,06:34,20:56,21:31,22:17,23:11
2029-08-19,04:16,05:10,05:57,06:32,20:58,21:33,22:20,23:14
2029-08-18,04:13,05:08,05:55,06:30,21:00,21:35,22:22,23:17
2029-08-17,04:10,05:06,05:53,06:29,21:02,21:37,22:25,23:21
2029-08-16,04:07,05:04,05:52,06:27,21:04,21:40,22:27,23:24
2029-08-15,04:04,05:02,05:50,06:26,21:06,21:42,22:30,23:28
2029-08-14,04:01,05:00,05:48,06:24,21:08,21:44,22:32,23:31
2029-08-13,03:58,04:57,05:46,06:22,21:10,21:46,22:35,23:35
2029-08-12,03:55,04:55,05:45,06:21,21:12,21:48,22:38,23:38
2029-08-11,03:51,04:53,05:43,06:19,21:14,21:50,22:40,23:42
2029-08-10,03:48,04:51,05:41,06:18,21:16,21:53,22:43,23:45
2029-08-09,03:45,04:49,05:39,06:16,21:18,21:55,22:45,23:49
2029-08-08,03:41,04:46,05:37,06:14,21:20,21:57,22:48,23:53
2029-08-07,03:38,04:44,05:36,06:13,21:21,21:59,22:50,23:57
2029-08-06,03:34,04:42,05:34,06:11,21:23,22:01,22:53,00:00
2029-08-05,03:30,04:40,05:32,06:10,21:25,22:03,22:55,00:00
2029-08-04,03:27,04:37,05:30,06:08,21:27,22:05,22:58,00:00
2029-08-03,03:23,04:35,05:29,06:07,21:28,22:07,23:00,00:00
2029-08-02,03:19,04:33,05:27,06:05,21:30,22:09,23:03,00:00
2029-08-01,03:15,04:31,05:25,06:04,21:32,22:10,23:05,00:00
2029-07-31,03:10,04:28,05:23,06:02,21:34,22:12,23:07,00:00
2029-07-30,03:06,04:26,05:22,06:01,21:35,22:14,23:10,00:00
2029-07-29,03:01,04:24,05:20,05:59,21:37,22:16,23:12,00:00
2029-07-28,02:56,04:21,05:18,05:58,21:38,22:18,23:14,00:00
2029-07-27,02:51,04:19,05:16,05:56,21:40,22:20,23:17,00:00
2029-07-26,02:45,04:17,05:15,05:55,21:41,22:21,23:19,00:00
2029-07-25,02:39,04:15,05:13,05:53,21:43,22:23,23:21,00:00
2029-07-24,02:33,04:12,05:11,05:52,21:44,22:25,23:24,00:00
2029-07-23,02:25,04:10,05:10,05:50,21:45,22:26,23:26,00:00
2029-07-22,02:16,04:08,05:08,05:49,21:47,22:28,23:28,00:00
2029-07-21,02:01,04:06,05:06,05:48,21:48,22:29,23:30,00:00
2029-07-20,00:00,04:03,05:05,05:46,21:49,22:31,23:32,00:00
2029-07-19,00:00,04:01,05:03,05:45,21:51,22:32,23:34,00:00
2029-07-18,00:00,03:59,05:02,05:44,21:52,22:34,23:36,00:00
2029-07-17,00:00,03:57,05:00,05:42,21:53,22:35,23:38,00:00
2029-07-16,00:00,03:55,04:59,05:41,21:54,22:36,23:40,00:00
2029-07-15,00:00,03:53,04:57,05:40,21:55,22:37,23:42,00:00
2029-07-14,00:00,03:51,04:56,05:39,21:56,22:39,23:44,00:00
2029-07-13,00:00,03:49,04:55,05:38,21:57,22:40,23:46,00:00
2029-07-12,00:00,03:47,04:53,05:36,21:58,22:41,23:48,00:00
2029-07-11,00:00,03:45,04:52,05:35,21:59,22:42,23:49,00:00
2029-07-10,00:00,03:43,04:51,05:34,21:59,22:43,23:51,00:00
2029-07-09,00:00,03:41,04:49,05:33,22:00,22:44,23:53,00:00
2029-07-08,00:00,03:39,04:48,05:32,22:01,22:45,23:54,00:00
2029-07-07,00:00,03:37,04:47,05:31,22:02,22:46,23:55,00:00
2029-07-06,00:00,03:36,04:46,05:30,22:02,22:47,23:57,00:00
2029-07-05,00:00,03:34,04:45,05:29,22:03,22:47,23:58,00:00
2029-07-04,00:00,03:33,04:44,05:29,22:03,22:48,23:59,00:00
2029-07-03,00:00,03:31,04:43,05:28,22:04,22:48,00:00,00:00
2029-07-02,00:00,03:30,04:42,05:27,22:04,22:49,00:00,00:00
2029-07-01,00:00,03:28,04:41,05:26,22:04,22:50,00:00,00:00
2029-06-30,00:00,03:27,04:40,05:26,22:05,22:50,00:00,00:00
2029-06-29,00:00,03:26,04:40,05:25,22:05,22:50,00:00,00:00
2029-06-28,00:00,03:25,04:39,05:24,22:05,22:51,00:00,00:00
2029-06-27,00:00,03:24,04:38,05:24,22:05,22:51,00:00,00:00
2029-06-26,00:00,03:23,04:38,05:23,22:05,22:51,00:00,00:00
2029-06-25,00:00,03:22,04:37,05:23,22:06,22:51,00:00,00:00
2029-06-24,00:00,03:22,04:37,05:22,22:05,22:51,00:00,00:00
2029-06-23,00:00,03:21,04:36,05:22,22:05,22:51,00:00,00:00
2029-06-22,00:00,03:21,04:36,05:22,22:05,22:51,00:00,00:00
2029-06-21,00:00,03:20,04:36,05:21,22:05,22:51,00:00,00:00
2029-06-20,00:00,03:20,04:35,05:21,22:05,22:51,00:00,00:00
2029-06-19,00:00,03:20,04:35,05:21,22:05,22:50,00:00,00:00
2029-06-18,00:00,03:20,04:35,05:21,22:04,22:50,00:00,00:00
2029-06-17,00:00,03:20,04:35,05:21,22:04,22:50,00:00,00:00
2029-06-16,00:00,03:21,04:35,05:21,22:04,22:49,00:00,00:00
2029-06-15,00:00,03:21,04:35,05:21,22:03,22:49,00:00,00:00
2029-06-14,00:00,03:21,04:36,05:21,22:03,22:48,00:00,00:00
2029-06-13,00:00,03:22,04:36,05:21,22:02,22:47,00:00,00:00
2029-06-12,00:00,03:23,04:36,05:21,22:01,22:47,00:00,00:00
2029-06-11,00:00,03:23,04:36,05:22,22:01,22:46,23:59,00:00
2029-06-10,00:00,03:24,04:37,05:22,22:00,22:45,23:58,00:00
2029-06-09,00:00,03:25,04:37,05:22,21:59,22:44,23:56,00:00
2029-06-08,00:00,03:26,04:38,05:23,21:58,22:43,23:55,00:00
2029-06-07,00:00,03:27,04:39,05:23,21:58,22:42,23:53,00:00
2029-06-06,00:00,03:28,04:39,05:24,21:57,22:41,23:52,00:00
2029-06-05,00:00,03:30,04:40,05:24,21:56,22:40,23:50,00:00
2029-06-04,00:00,03:31,04:41,05:25,21:55,22:39,23:49,00:00
2029-06-03,00:00,03:32,04:42,05:25,21:54,22:38,23:47,00:00
2029-06-02,00:00,03:34,04:42,05:26,21:53,22:37,23:45,00:00
2029-06-01,00:00,03:36,04:43,05:27,21:52,22:35,23:43,00:00
2029-05-31,00:00,03:37,04:44,05:28,21:51,22:34,23:41,00:00
2029-05-30,00:00,03:39,04:45,05:29,21:49,22:33,23:39,00:00
2029-05-29,00:00,03:41,04:47,05:29,21:48,22:31,23:37,00:00
2029-05-28,00:00,03:42,04:48,05:30,21:47,22:30,23:35,00:00
2029-05-27,00:00,03:44,04:49,05:31,21:46,22:28,23:33,00:00
2029-05-26,00:00,03:46,04:50,05:32,21:45,22:27,23:31,00:00
2029-05-25,00:00,03:48,04:51,05:33,21:43,22:25,23:29,00:00
2029-05-24,00:00,03:50,04:53,05:35,21:42,22:24,23:26,00:00
2029-05-23,00:00,03:52,04:54,05:36,21:41,22:22,23:24,00:00
2029-05-22,00:00,03:54,04:56,05:37,21:39,22:21,23:22,00:00
2029-05-21,00:00,03:56,04:57,05:38,21:38,22:19,23:20,00:00
2029-05-20,02:09,03:59,04:59,05:39,21:36,22:17,23:17,00:00
2029-05-19,02:17,04:01,05:00,05:41,21:35,22:16,23:15,00:00
2029-05-18,02:25,04:03,05:02,05:42,21:34,22:14,23:13,00:00
2029-05-17,02:31,04:05,05:03,05:44,21:32,22:12,23:10,00:00
2029-05-16,02:37,04:07,05:05,05:45,21:31,22:10,23:08,00:00
2029-05-15,02:43,04:10,05:07,05:46,21:29,22:09,23:06,00:00
2029-05-14,02:48,04:12,05:09,05:48,21:28,22:07,23:03,00:00
2029-05-13,02:53,04:14,05:10,05:49,21:26,22:05,23:01,00:00
2029-05-12,02:57,04:17,05:12,05:51,21:24,22:03,22:59,00:00
2029-05-11,03:02,04:19,05:14,05:53,21:23,22:02,22:56,00:00
2029-05-10,03:06,04:22,05:16,05:54,21:21,22:00,22:54,00:00
2029-05-09,03:11,04:24,05:18,05:56,21:20,21:58,22:52,00:00
2029-05-08,03:15,04:26,05:20,05:58,21:18,21:56,22:49,00:00
2029-05-07,03:19,04:29,05:22,05:59,21:17,21:54,22:47,23:57
2029-05-06,03:23,04:31,05:23,06:01,21:15,21:53,22:45,23:53
2029-05-05,03:27,04:34,05:25,06:03,21:13,21:51,22:42,23:50
2029-05-04,03:30,04:36,05:27,06:05,21:12,21:49,22:40,23:46
2029-05-03,03:34,04:39,05:29,06:06,21:10,21:47,22:38,23:42
2029-05-02,03:38,04:41,05:32,06:08,21:08,21:45,22:35,23:39
2029-05-01,03:42,04:44,05:34,06:10,21:07,21:43,22:33,23:35
2029-04-30,03:45,04:46,05:36,06:12,21:05,21:41,22:31,23:32
2029-04-29,03:49,04:49,05:38,06:14,21:03,21:40,22:29,23:29
2029-04-28,03:52,04:51,05:40,06:16,21:02,21:38,22:26,23:26
2029-04-27,03:56,04:54,05:42,06:18,21:00,21:36,22:24,23:22
2029-04-26,03:59,04:56,05:44,06:20,20:58,21:34,22:22,23:19
2029-04-25,04:03,04:59,05:46,06:22,20:57,21:32,22:20,23:16
2029-04-24,04:06,05:02,05:49,06:24,20:55,21:30,22:17,23:13
2029-04-23,04:09,05:04,05:51,06:26,20:53,21:28,22:15,23:10
2029-04-22,04:13,05:07,05:53,06:28,20:52,21:27,22:13,23:07
2029-04-21,04:16,05:09,05:55,06:30,20:50,21:25,22:11,23:04
2029-04-20,04:19,05:12,05:58,06:32,20:48,21:23,22:09,23:01
2029-04-19,04:22,05:14,06:00,06:34,20:47,21:21,22:06,22:59
2029-04-18,04:25,05:17,06:02,06:36,20:45,21:19,22:04,22:56
2029-04-17,04:29,05:20,06:04,06:38,20:43,21:17,22:02,22:53
2029-04-16,04:32,05:22,06:07,06:41,20:42,21:16,22:00,22:50
2029-04-15,04:35,05:25,06:09,06:43,20:40,21:14,21:58,22:48
2029-04-14,04:38,05:27,06:11,06:45,20:38,21:12,21:56,22:45
2029-04-13,04:41,05:30,06:14,06:47,20:37,21:10,21:54,22:43
2029-04-12,04:44,05:32,06:16,06:49,20:35,21:08,21:52,22:40
2029-04-11,04:47,05:35,06:18,06:51,20:33,21:07,21:50,22:37
2029-04-10,04:50,05:38,06:21,06:54,20:32,21:05,21:48,22:35
2029-04-09,04:53,05:40,06:23,06:56,20:30,21:03,21:46,22:33
2029-04-08,04:56,05:43,06:25,06:58,20:28,21:01,21:44,22:30
2029-04-07,04:59,05:45,06:28,07:00,20:27,20:59,21:42,22:28
2029-04-06,05:02,05:48,06:30,07:03,20:25,20:58,21:40,22:25
2029-04-05,05:05,05:50,06:32,07:05,20:23,20:56,21:38,22:23
2029-04-04,05:08,05:53,06:35,07:07,20:21,20:54,21:36,22:21
2029-04-03,05:11,05:55,06:37,07:09,20:20,20:52,21:34,22:18
2029-04-02,05:14,05:58,06:39,07:12,20:18,20:50,21:32,22:16
2029-04-01,05:17,06:01,06:42,07:14,20:16,20:49,21:30,22:14
2029-03-31,05:19,06:03,06:44,07:16,20:15,20:47,21:28,22:12
2029-03-30,05:22,06:06,06:46,07:18,20:13,20:45,21:26,22:09
2029-03-29,05:25,06:08,06:49,07:21,20:11,20:43,21:24,22:07
2029-03-28,05:28,06:11,06:51,07:23,20:10,20:42,21:22,22:05
2029-03-27,05:30,06:13,06:53,07:25,20:08,20:40,21:20,22:03
2029-03-26,05:33,06:16,06:56,07:28,20:06,20:38,21:18,22:01
2029-03-25,05:36,06:18,06:58,07:30,20:05,20:36,21:16,21:59
2029-03-24,04:39,05:20,06:00,06:32,19:03,19:35,20:15,20:57
2029-03-23,04:41,05:23,06:03,06:34,19:01,19:33,20:13,20:55
2029-03-22,04:44,05:25,06:05,06:37,19:00,19:31,20:11,20:52
2029-03-21,04:46,05:28,06:07,06:39,18:58,19:30,20:09,20:50
2029-03-20,04:49,05:30,06:10,06:41,18:56,19:28,20:07,20:48
2029-03-19,04:52,05:33,06:12,06:44,18:54,19:26,20:05,20:46
2029-03-18,04:54,05:35,06:14,06:46,18:53,19:24,20:04,20:44
2029-03-17,04:57,05:37,06:17,06:48,18:51,19:23,20:02,20:42
2029-03-16,04:59,05:40,06:19,06:51,18:49,19:21,20:00,20:41
2029-03-15,05:02,05:42,06:21,06:53,18:48,19:19,19:58,20:39
2029-03-14,05:04,05:44,06:23,06:55,18:46,19:17,19:56,20:37
2029-03-13,05:07,05:47,06:26,06:57,18:44,19:16,19:55,20:35
2029-03-12,05:09,05:49,06:28,07:00,18:42,19:14,19:53,20:33
2029-03-11,05:12,05:51,06:30,07:02,18:41,19:12,19:51,20:31
2029-03-10,05:14,05:54,06:33,07:04,18:39,19:11,19:49,20:29
2029-03-09,05:16,05:56,06:35,07:06,18:37,19:09,19:48,20:27
2029-03-08,05:19,05:58,06:37,07:09,18:36,19:07,19:46,20:25
2029-03-07,05:21,06:00,06:39,07:11,18:34,19:05,19:44,20:24
2029-03-06,05:23,06:03,06:41,07:13,18:32,19:04,19:42,20:22
2029-03-05,05:26,06:05,06:44,07:15,18:30,19:02,19:41,20:20
2029-03-04,05:28,06:07,06:46,07:17,18:29,19:00,19:39,20:18
2029-03-03,05:30,06:09,06:48,07:20,18:27,18:59,19:37,20:16
2029-03-02,05:32,06:11,06:50,07:22,18:25,18:57,19:35,20:15
2029-03-01,05:35,06:13,06:52,07:24,18:23,18:55,19:34,20:13
2029-02-28,05:37,06:16,06:54,07:26,18:22,18:53,19:32,20:11
2029-02-27,05:39,06:18,06:56,07:28,18:20,18:52,19:30,20:09
2029-02-26,05:41,06:20,06:58,07:30,18:18,18:50,19:29,20:07
2029-02-25,05:43,06:22,07:00,07:33,18:16,18:48,19:27,20:06
2029-02-24,05:45,06:24,07:03,07:35,18:14,18:46,19:25,20:04
2029-02-23,05:47,06:26,07:05,07:37,18:13,18:45,19:24,20:02
2029-02-22,05:49,06:28,07:07,07:39,18:11,18:43,19:22,20:01
2029-02-21,05:51,06:30,07:09,07:41,18:09,18:41,19:20,19:59
2029-02-20,05:53,06:32,07:11,07:43,18:07,18:40,19:18,19:57
2029-02-19,05:55,06:34,07:12,07:45,18:05,18:38,19:17,19:55
2029-02-18,05:57,06:35,07:14,07:47,18:04,18:36,19:15,19:54
2029-02-17,05:59,06:37,07:16,07:49,18:02,18:34,19:13,19:52
2029-02-16,06:00,06:39,07:18,07:51,18:00,18:33,19:12,19:50
2029-02-15,06:02,06:41,07:20,07:53,17:58,18:31,19:10,19:49
2029-02-14,06:04,06:43,07:22,07:55,17:56,18:29,19:08,19:47
2029-02-13,06:06,06:44,07:24,07:57,17:54,18:27,19:07,19:45
2029-02-12,06:07,06:46,07:25,07:58,17:53,18:26,19:05,19:44
2029-02-11,06:09,06:48,07:27,08:00,17:51,18:24,19:03,19:42
2029-02-10,06:11,06:49,07:29,08:02,17:49,18:22,19:02,19:40
2029-02-09,06:12,06:51,07:31,08:04,17:47,18:21,19:00,19:39
2029-02-08,06:14,06:53,07:32,08:06,17:45,18:19,18:58,19:37
2029-02-07,06:15,06:54,07:34,08:07,17:44,18:17,18:57,19:36
2029-02-06,06:17,06:56,07:35,08:09,17:42,18:15,18:55,19:34
2029-02-05,06:18,06:57,07:37,08:11,17:40,18:14,18:54,19:32
2029-02-04,06:20,06:59,07:39,08:13,17:38,18:12,18:52,19:31
2029-02-03,06:21,07:00,07:40,08:14,17:36,18:10,18:50,19:29
2029-02-02,06:22,07:01,07:42,08:16,17:34,18:09,18:49,19:28
2029-02-01,06:24,07:03,07:43,08:17,17:33,18:07,18:47,19:26
2029-01-31,06:25,07:04,07:44,08:19,17:31,18:05,18:46,19:25
2029-01-30,06:26,07:05,07:46,08:20,17:29,18:04,18:44,19:23
2029-01-29,06:27,07:07,07:47,08:22,17:27,18:02,18:42,19:22
2029-01-28,06:29,07:08,07:48,08:23,17:25,18:00,18:41,19:20
2029-01-27,06:30,07:09,07:50,08:25,17:24,17:59,18:39,19:19
2029-01-26,06:31,07:10,07:51,08:26,17:22,17:57,18:38,19:17
2029-01-25,06:32,07:11,07:52,08:27,17:20,17:55,18:36,19:16
2029-01-24,06:33,07:12,07:53,08:29,17:18,17:54,18:35,19:14
2029-01-23,06:34,07:13,07:54,08:30,17:17,17:52,18:33,19:13
2029-01-22,06:35,07:14,07:55,08:31,17:15,17:51,18:32,19:11
2029-01-21,06:36,07:15,07:57,08:32,17:13,17:49,18:30,19:10
2029-01-20,06:36,07:16,07:57,08:33,17:12,17:47,18:29,19:09
2029-01-19,06:37,07:17,07:58,08:34,17:10,17:46,18:27,19:07
2029-01-18,06:38,07:18,07:59,08:35,17:08,17:44,18:26,19:06
2029-01-17,06:39,07:18,08:00,08:36,17:07,17:43,18:25,19:05
2029-01-16,06:39,07:19,08:01,08:37,17:05,17:41,18:23,19:03
2029-01-15,06:40,07:20,08:02,08:38,17:04,17:40,18:22,19:02
2029-01-14,06:40,07:20,08:02,08:39,17:02,17:39,18:21,19:01
2029-01-13,06:41,07:21,08:03,08:40,17:01,17:37,18:19,18:59
2029-01-12,06:41,07:22,08:04,08:41,16:59,17:36,18:18,18:58
2029-01-11,06:42,07:22,08:04,08:41,16:58,17:34,18:17,18:57
2029-01-10,06:42,07:22,08:05,08:42,16:56,17:33,18:16,18:56
2029-01-09,06:43,07:23,08:05,08:42,16:55,17:32,18:14,18:55
2029-01-08,06:43,07:23,08:06,08:43,16:53,17:31,18:13,18:54
2029-01-07,06:43,07:24,08:06,08:43,16:52,17:29,18:12,18:52
2029-01-06,06:43,07:24,08:06,08:44,16:51,17:28,18:11,18:51
2029-01-05,06:43,07:24,08:07,08:44,16:50,17:27,18:10,18:50
2029-01-04,06:44,07:24,08:07,08:45,16:48,17:26,18:09,18:49
2029-01-03,06:44,07:24,08:07,08:45,16:47,17:25,18:08,18:48
2029-01-02,06:44,07:24,08:07,08:45,16:46,17:24,18:07,18:47
2029-01-01,06:44,07:24,08:07,08:45,16:45,17:23,18:06,18:46
2028-12-31,06:44,07:24,08:07,08:45,16:44,17:22,18:05,18:46
2028-12-30,06:44,07:24,08:07,08:45,16:43,17:21,18:04,18:45
2028-12-29,06:43,07:24,08:07,08:45,16:42,17:20,18:03,18:44
2028-12-28,06:43,07:24,08:07,08:45,16:41,17:19,18:02,18:43
2028-12-27,06:43,07:24,08:07,08:45,16:40,17:18,18:02,18:42
2028-12-26,06:43,07:24,08:07,08:45,16:39,17:18,18:01,18:42
2028-12-25,06:42,07:23,08:06,08:45,16:39,17:17,18:00,18:41
2028-12-24,06:42,07:23,08:06,08:44,16:38,17:16,17:59,18:40
2028-12-23,06:42,07:23,08:06,08:44,16:37,17:16,17:59,18:40
2028-12-22,06:41,07:22,08:05,08:44,16:37,17:15,17:58,18:39
2028-12-21,06:41,07:22,08:05,08:43,16:36,17:14,17:58,18:39
2028-12-20,06:40,07:21,08:04,08:43,16:36,17:14,17:57,18:38
2028-12-19,06:40,07:21,08:04,08:42,16:35,17:14,17:57,18:38
2028-12-18,06:39,07:20,08:03,08:41,16:35,17:13,17:56,18:37
2028-12-17,06:38,07:19,08:03,08:41,16:35,17:13,17:56,18:37
2028-12-16,06:38,07:19,08:02,08:40,16:34,17:13,17:56,18:37
2028-12-15,06:37,07:18,08:01,08:39,16:34,17:12,17:56,18:36
2028-12-14,06:36,07:17,08:00,08:38,16:34,17:12,17:55,18:36
2028-12-13,06:36,07:16,08:00,08:38,16:34,17:12,17:55,18:36
2028-12-12,06:35,07:16,07:59,08:37,16:34,17:12,17:55,18:36
2028-12-11,06:34,07:15,07:58,08:36,16:34,17:12,17:55,18:36
2028-12-10,06:33,07:14,07:57,08:35,16:34,17:12,17:55,18:36
2028-12-09,06:32,07:13,07:56,08:34,16:34,17:12,17:55,18:36
2028-12-08,06:31,07:12,07:55,08:33,16:34,17:12,17:55,18:36
2028-12-07,06:30,07:11,07:54,08:31,16:35,17:12,17:55,18:36
2028-12-06,06:29,07:10,07:53,08:30,16:35,17:13,17:55,18:36
2028-12-05,06:28,07:09,07:52,08:29,16:35,17:13,17:56,18:36
2028-12-04,06:27,07:08,07:50,08:28,16:36,17:13,17:56,18:36
2028-12-03,06:26,07:07,07:49,08:26,16:36,17:14,17:56,18:37
2028-12-02,06:25,07:06,07:48,08:25,16:37,17:14,17:56,18:37
2028-12-01,06:24,07:04,07:47,08:24,16:37,17:14,17:57,18:37
2028-11-30,06:23,07:03,07:45,08:22,16:38,17:15,17:57,18:38
2028-11-29,06:22,07:02,07:44,08:21,16:39,17:16,17:58,18:38
2028-11-28,06:21,07:01,07:43,08:20,16:39,17:16,17:58,18:38
2028-11-27,06:19,06:59,07:41,08:18,16:40,17:17,17:59,18:39
2028-11-26,06:18,06:58,07:40,08:17,16:41,17:18,18:00,18:40
2028-11-25,06:17,06:57,07:39,08:15,16:42,17:18,18:00,18:40
2028-11-24,06:16,06:56,07:37,08:14,16:43,17:19,18:01,18:41
2028-11-23,06:14,06:54,07:36,08:12,16:44,17:20,18:02,18:42
2028-11-22,06:13,06:53,07:34,08:10,16:45,17:21,18:02,18:42
2028-11-21,06:12,06:51,07:33,08:09,16:46,17:22,18:03,18:43
2028-11-20,06:10,06:50,07:31,08:07,16:47,17:23,18:04,18:44
2028-11-19,06:09,06:49,07:30,08:05,16:48,17:24,18:05,18:45
2028-11-18,06:08,06:47,07:28,08:04,16:49,17:25,18:06,18:46
2028-11-17,06:06,06:46,07:27,08:02,16:51,17:26,18:07,18:47
2028-11-16,06:05,06:44,07:25,08:00,16:52,17:27,18:08,18:48
2028-11-15,06:03,06:43,07:24,07:59,16:53,17:28,18:09,18:49
2028-11-14,06:02,06:41,07:22,07:57,16:55,17:30,18:10,18:50
2028-11-13,06:01,06:40,07:21,07:55,16:56,17:31,18:12,18:51
2028-11-12,05:59,06:38,07:19,07:54,16:58,17:32,18:13,18:52
2028-11-11,05:58,06:37,07:17,07:52,16:59,17:34,18:14,18:53
2028-11-10,05:56,06:35,07:16,07:50,17:00,17:35,18:15,18:54
2028-11-09,05:55,06:34,07:14,07:48,17:02,17:36,18:17,18:56
2028-11-08,05:53,06:32,07:12,07:47,17:04,17:38,18:18,18:57
2028-11-07,05:52,06:31,07:11,07:45,17:05,17:39,18:19,18:58
2028-11-06,05:50,06:29,07:09,07:43,17:07,17:41,18:21,19:00
2028-11-05,05:49,06:28,07:08,07:41,17:09,17:42,18:22,19:01
2028-11-04,05:47,06:26,07:06,07:40,17:10,17:44,18:24,19:03
2028-11-03,05:46,06:25,07:04,07:38,17:12,17:46,18:25,19:04
2028-11-02,05:44,06:23,07:03,07:36,17:14,17:47,18:27,19:06
2028-11-01,05:43,06:21,07:01,07:34,17:16,17:49,18:29,19:07
2028-10-31,05:41,06:20,06:59,07:33,17:17,17:51,18:30,19:09
2028-10-30,05:39,06:18,06:58,07:31,17:19,17:52,18:32,19:11
2028-10-29,05:38,06:17,06:56,07:29,17:21,17:54,18:33,19:12
2028-10-28,06:36,07:15,07:54,08:27,18:23,18:56,19:35,20:14
2028-10-27,06:35,07:13,07:53,08:26,18:25,18:58,19:37,20:16
2028-10-26,06:33,07:12,07:51,08:24,18:27,19:00,19:39,20:17
2028-10-25,06:32,07:10,07:49,08:22,18:29,19:01,19:41,20:19
2028-10-24,06:30,07:09,07:48,08:20,18:31,19:03,19:42,20:21
2028-10-23,06:28,07:07,07:46,08:19,18:33,19:05,19:44,20:23
2028-10-22,06:27,07:05,07:44,08:17,18:35,19:07,19:46,20:25
2028-10-21,06:25,07:04,07:43,08:15,18:37,19:09,19:48,20:27
2028-10-20,06:24,07:02,07:41,08:13,18:39,19:11,19:50,20:29
2028-10-19,06:22,07:01,07:39,08:12,18:41,19:13,19:52,20:31
2028-10-18,06:20,06:59,07:38,08:10,18:43,19:15,19:54,20:33
2028-10-17,06:19,06:57,07:36,08:08,18:45,19:17,19:56,20:35
2028-10-16,06:17,06:56,07:34,08:07,18:47,19:19,19:58,20:37
2028-10-15,06:15,06:54,07:33,08:05,18:49,19:21,20:00,20:39
2028-10-14,06:14,06:52,07:31,08:03,18:51,19:23,20:02,20:41
2028-10-13,06:12,06:51,07:30,08:01,18:54,19:25,20:04,20:43
2028-10-12,06:10,06:49,07:28,08:00,18:56,19:28,20:06,20:45
2028-10-11,06:09,06:48,07:26,07:58,18:58,19:30,20:08,20:47
2028-10-10,06:07,06:46,07:25,07:56,19:00,19:32,20:11,20:50
2028-10-09,06:05,06:44,07:23,07:55,19:02,19:34,20:13,20:52
2028-10-08,06:04,06:43,07:21,07:53,19:05,19:36,20:15,20:54
2028-10-07,06:02,06:41,07:20,07:51,19:07,19:38,20:17,20:56
2028-10-06,06:00,06:39,07:18,07:50,19:09,19:41,20:19,20:59
2028-10-05,05:58,06:38,07:16,07:48,19:11,19:43,20:22,21:01
2028-10-04,05:57,06:36,07:15,07:46,19:13,19:45,20:24,21:03
2028-10-03,05:55,06:34,07:13,07:45,19:16,19:47,20:26,21:06
2028-10-02,05:53,06:33,07:12,07:43,19:18,19:50,20:28,21:08
2028-10-01,05:51,06:31,07:10,07:41,19:20,19:52,20:31,21:11
2028-09-30,05:49,06:29,07:08,07:40,19:23,19:54,20:33,21:13
2028-09-29,05:48,06:28,07:07,07:38,19:25,19:56,20:35,21:15
2028-09-28,05:46,06:26,07:05,07:37,19:27,19:59,20:38,21:18
2028-09-27,05:44,06:24,07:03,07:35,19:29,20:01,20:40,21:20
2028-09-26,05:42,06:23,07:02,07:33,19:32,20:03,20:42,21:23
2028-09-25,05:40,06:21,07:00,07:32,19:34,20:06,20:45,21:25
2028-09-24,05:38,06:19,06:58,07:30,19:36,20:08,20:47,21:28
2028-09-23,05:37,06:17,06:57,07:28,19:39,20:10,20:50,21:31
2028-09-22,05:35,06:16,06:55,07:27,19:41,20:13,20:52,21:33
2028-09-21,05:33,06:14,06:54,07:25,19:43,20:15,20:55,21:36
2028-09-20,05:31,06:12,06:52,07:24,19:46,20:17,20:57,21:38
2028-09-19,05:29,06:10,06:50,07:22,19:48,20:20,20:59,21:41
2028-09-18,05:27,06:09,06:49,07:20,19:50,20:22,21:02,21:44
2028-09-17,05:25,06:07,06:47,07:19,19:53,20:24,21:04,21:47
2028-09-16,05:23,06:05,06:45,07:17,19:55,20:27,21:07,21:49
2028-09-15,05:21,06:03,06:44,07:16,19:57,20:29,21:09,21:52
2028-09-14,05:19,06:02,06:42,07:14,20:00,20:32,21:12,21:55
2028-09-13,05:17,06:00,06:40,07:12,20:02,20:34,21:14,21:58
2028-09-12,05:15,05:58,06:39,07:11,20:04,20:36,21:17,22:00
2028-09-11,05:13,05:56,06:37,07:09,20:06,20:39,21:20,22:03
2028-09-10,05:10,05:54,06:35,07:08,20:09,20:41,21:22,22:06
2028-09-09,05:08,05:52,06:34,07:06,20:11,20:43,21:25,22:09
2028-09-08,05:06,05:51,06:32,07:04,20:13,20:46,21:27,22:12
2028-09-07,05:04,05:49,06:30,07:03,20:16,20:48,21:30,22:15
2028-09-06,05:02,05:47,06:29,07:01,20:18,20:51,21:32,22:17
2028-09-05,04:59,05:45,06:27,07:00,20:20,20:53,21:35,22:20
2028-09-04,04:57,05:43,06:25,06:58,20:22,20:55,21:37,22:23
2028-09-03,04:55,05:41,06:24,06:56,20:25,20:58,21:40,22:26
2028-09-02,04:53,05:39,06:22,06:55,20:27,21:00,21:43,22:29
2028-09-01,04:50,05:37,06:20,06:53,20:29,21:02,21:45,22:32
2028-08-31,04:48,05:35,06:18,06:52,20:31,21:05,21:48,22:35
2028-08-30,04:45,05:33,06:17,06:50,20:34,21:07,21:50,22:38
2028-08-29,04:43,05:31,06:15,06:48,20:36,21:09,21:53,22:41
2028-08-28,04:40,05:29,06:13,06:47,20:38,21:12,21:56,22:45
2028-08-27,04:38,05:27,06:11,06:45,20:40,21:14,21:58,22:48
2028-08-26,04:35,05:25,06:10,06:44,20:43,21:16,22:01,22:51
2028-08-25,04:33,05:23,06:08,06:42,20:45,21:19,22:03,22:54
2028-08-24,04:30,05:21,06:06,06:40,20:47,21:21,22:06,22:57
2028-08-23,04:28,05:19,06:04,06:39,20:49,21:23,22:09,23:00
2028-08-22,04:25,05:17,06:03,06:37,20:51,21:26,22:11,23:04
2028-08-21,04:22,05:15,06:01,06:36,20:53,21:28,22:14,23:07
2028-08-20,04:19,05:13,05:59,06:34,20:55,21:30,22:16,23:10
2028-08-19,04:16,05:11,05:57,06:32,20:57,21:32,22:19,23:13
2028-08-18,04:14,05:09,05:56,06:31,21:00,21:35,22:21,23:17
2028-08-17,04:11,05:07,05:54,06:29,21:02,21:37,22:24,23:20
2028-08-16,04:08,05:05,05:52,06:28,21:04,21:39,22:27,23:23
2028-08-15,04:05,05:02,05:50,06:26,21:06,21:41,22:29,23:27
2028-08-14,04:02,05:00,05:49,06:24,21:08,21:43,22:32,23:30
2028-08-13,03:59,04:58,05:47,06:23,21:10,21:46,22:34,23:34
2028-08-12,03:55,04:56,05:45,06:21,21:12,21:48,22:37,23:37
2028-08-11,03:52,04:54,05:43,06:20,21:13,21:50,22:39,23:41
2028-08-10,03:49,04:51,05:41,06:18,21:15,21:52,22:42,23:44
2028-08-09,03:46,04:49,05:40,06:16,21:17,21:54,22:45,23:48
2028-08-08,03:42,04:47,05:38,06:15,21:19,21:56,22:47,23:52
2028-08-07,03:39,04:45,05:36,06:13,21:21,21:58,22:50,23:56
2028-08-06,03:35,04:42,05:34,06:12,21:23,22:00,22:52,23:59
2028-08-05,03:31,04:40,05:32,06:10,21:25,22:02,22:55,00:00
2028-08-04,03:28,04:38,05:31,06:09,21:26,22:04,22:57,00:00
2028-08-03,03:24,04:36,05:29,06:07,21:28,22:06,22:59,00:00
2028-08-02,03:20,04:33,05:27,06:06,21:30,22:08,23:02,00:00
2028-08-01,03:16,04:31,05:25,06:04,21:31,22:10,23:04,00:00
2028-07-31,03:11,04:29,05:24,06:02,21:33,22:12,23:07,00:00
2028-07-30,03:07,04:27,05:22,06:01,21:35,22:14,23:09,00:00
2028-07-29,03:02,04:24,05:20,05:59,21:36,22:16,23:12,00:00
2028-07-28,02:57,04:22,05:18,05:58,21:38,22:17,23:14,00:00
2028-07-27,02:52,04:20,05:17,05:56,21:39,22:19,23:16,00:00
2028-07-26,02:47,04:17,05:15,05:55,21:41,22:21,23:19,00:00
2028-07-25,02:41,04:15,05:13,05:54,21:42,22:22,23:21,00:00
2028-07-24,02:34,04:13,05:12,05:52,21:44,22:24,23:23,00:00
2028-07-23,02:27,04:11,05:10,05:51,21:45,22:26,23:25,00:00
2028-07-22,02:18,04:08,05:08,05:49,21:46,22:27,23:27,00:00
2028-07-21,02:06,04:06,05:07,05:48,21:48,22:29,23:30,00:00
2028-07-20,00:00,04:04,05:05,05:47,21:49,22:30,23:32,00:00
2028-07-19,00:00,04:02,05:04,05:45,21:50,22:32,23:34,00:00
2028-07-18,00:00,04:00,05:02,05:44,21:51,22:33,23:36,00:00
2028-07-17,00:00,03:57,05:01,05:43,21:53,22:35,23:38,00:00
2028-07-16,00:00,03:55,04:59,05:41,21:54,22:36,23:40,00:00
2028-07-15,00:00,03:53,04:58,05:40,21:55,22:37,23:42,00:00
2028-07-14,00:00,03:51,04:56,05:39,21:56,22:38,23:44,00:00
2028-07-13,00:00,03:49,04:55,05:38,21:57,22:40,23:45,00:00
2028-07-12,00:00,03:47,04:54,05:37,21:58,22:41,23:47,00:00
2028-07-11,00:00,03:45,04:52,05:36,21:58,22:42,23:49,00:00
2028-07-10,00:00,03:43,04:51,05:35,21:59,22:43,23:51,00:00
2028-07-09,00:00,03:41,04:50,05:33,22:00,22:44,23:52,00:00
2028-07-08,00:00,03:40,04:49,05:32,22:01,22:45,23:54,00:00
2028-07-07,00:00,03:38,04:47,05:31,22:01,22:46,23:55,00:00
2028-07-06,00:00,03:36,04:46,05:31,22:02,22:46,23:57,00:00
2028-07-05,00:00,03:34,04:45,05:30,22:03,22:47,23:58,00:00
2028-07-04,00:00,03:33,04:44,05:29,22:03,22:48,23:59,00:00
2028-07-03,00:00,03:31,04:43,05:28,22:04,22:48,00:00,00:00
2028-07-02,00:00,03:30,04:42,05:27,22:04,22:49,00:00,00:00
2028-07-01,00:00,03:29,04:41,05:26,22:04,22:49,00:00,00:00
2028-06-30,00:00,03:27,04:41,05:26,22:05,22:50,00:00,00:00
2028-06-29,00:00,03:26,04:40,05:25,22:05,22:50,00:00,00:00
2028-06-28,00:00,03:25,04:39,05:24,22:05,22:51,00:00,00:00
2028-06-27,00:00,03:24,04:38,05:24,22:05,22:51,00:00,00:00
2028-06-26,00:00,03:23,04:38,05:23,22:05,22:51,00:00,00:00
2028-06-25,00:00,03:23,04:37,05:23,22:06,22:51,00:00,00:00
2028-06-24,00:00,03:22,04:37,05:22,22:06,22:51,00:00,00:00
2028-06-23,00:00,03:21,04:36,05:22,22:05,22:51,00:00,00:00
2028-06-22,00:00,03:21,04:36,05:22,22:05,22:51,00:00,00:00
2028-06-21,00:00,03:21,04:36,05:21,22:05,22:51,00:00,00:00
2028-06-20,00:00,03:20,04:36,05:21,22:05,22:51,00:00,00:00
2028-06-19,00:00,03:20,04:35,05:21,22:05,22:50,00:00,00:00
2028-06-18,00:00,03:20,04:35,05:21,22:04,22:50,00:00,00:00
2028-06-17,00:00,03:20,04:35,05:21,22:04,22:50,00:00,00:00
2028-06-16,00:00,03:20,04:35,05:21,22:04,22:49,00:00,00:00
2028-06-15,00:00,03:21,04:35,05:21,22:03,22:49,00:00,00:00
2028-06-14,00:00,03:21,04:36,05:21,22:03,22:48,00:00,00:00
2028-06-13,00:00,03:22,04:36,05:21,22:02,22:47,00:00,00:00
2028-06-12,00:00,03:22,04:36,05:21,22:01,22:47,00:00,00:00
2028-06-11,00:00,03:23,04:36,05:22,22:01,22:46,23:59,00:00
2028-06-10,00:00,03:24,04:37,05:22,22:00,22:45,23:58,00:00
2028-06-09,00:00,03:25,04:37,05:22,21:59,22:44,23:57,00:00
2028-06-08,00:00,03:26,04:38,05:23,21:59,22:43,23:55,00:00
2028-06-07,00:00,03:27,04:38,05:23,21:58,22:42,23:54,00:00
2028-06-06,00:00,03:28,04:39,05:23,21:57,22:41,23:52,00:00
2028-06-05,00:00,03:29,04:40,05:24,21:56,22:40,23:51,00:00
2028-06-04,00:00,03:31,04:40,05:25,21:55,22:39,23:49,00:00
2028-06-03,00:00,03:32,04:41,05:25,21:54,22:38,23:47,00:00
2028-06-02,00:00,03:34,04:42,05:26,21:53,22:37,23:45,00:00
2028-06-01,00:00,03:35,04:43,05:27,21:52,22:36,23:44,00:00
2028-05-31,00:00,03:37,04:44,05:28,21:51,22:34,23:42,00:00
2028-05-30,00:00,03:38,04:45,05:28,21:50,22:33,23:40,00:00
2028-05-29,00:00,03:40,04:46,05:29,21:49,22:32,23:38,00:00
2028-05-28,00:00,03:42,04:47,05:30,21:47,22:30,23:36,00:00
2028-05-27,00:00,03:44,04:49,05:31,21:46,22:29,23:33,00:00
2028-05-26,00:00,03:46,04:50,05:32,21:45,22:27,23:31,00:00
2028-05-25,00:00,03:48,04:51,05:33,21:44,22:26,23:29,00:00
2028-05-24,00:00,03:50,04:52,05:34,21:42,22:24,23:27,00:00
2028-05-23,00:00,03:52,04:54,05:35,21:41,22:23,23:25,00:00
2028-05-22,00:00,03:54,04:55,05:37,21:40,22:21,23:22,00:00
2028-05-21,00:00,03:56,04:57,05:38,21:38,22:19,23:20,00:00
2028-05-20,02:06,03:58,04:58,05:39,21:37,22:18,23:18,00:00
2028-05-19,02:15,04:00,05:00,05:40,21:35,22:16,23:16,00:00
2028-05-18,02:23,04:02,05:01,05:42,21:34,22:14,23:13,00:00
2028-05-17,02:30,04:05,05:03,05:43,21:32,22:13,23:11,00:00
2028-05-16,02:36,04:07,05:05,05:45,21:31,22:11,23:09,00:00
2028-05-15,02:41,04:09,05:06,05:46,21:29,22:09,23:06,00:00
2028-05-14,02:47,04:11,05:08,05:48,21:28,22:07,23:04,00:00
2028-05-13,02:51,04:14,05:10,05:49,21:26,22:06,23:02,00:00
2028-05-12,02:56,04:16,05:12,05:51,21:25,22:04,22:59,00:00
2028-05-11,03:01,04:19,05:13,05:52,21:23,22:02,22:57,00:00
2028-05-10,03:05,04:21,05:15,05:54,21:22,22:00,22:55,00:00
2028-05-09,03:09,04:23,05:17,05:56,21:20,21:58,22:52,00:00
2028-05-08,03:14,04:26,05:19,05:57,21:19,21:57,22:50,00:00
2028-05-07,03:18,04:28,05:21,05:59,21:17,21:55,22:48,23:58
2028-05-06,03:22,04:31,05:23,06:01,21:15,21:53,22:45,23:54
2028-05-05,03:26,04:33,05:25,06:02,21:14,21:51,22:43,23:50
2028-05-04,03:29,04:36,05:27,06:04,21:12,21:49,22:41,23:47
2028-05-03,03:33,04:38,05:29,06:06,21:10,21:47,22:38,23:43
2028-05-02,03:37,04:41,05:31,06:08,21:09,21:46,22:36,23:40
2028-05-01,03:41,04:43,05:33,06:10,21:07,21:44,22:34,23:36
2028-04-30,03:44,04:46,05:35,06:12,21:05,21:42,22:31,23:33
2028-04-29,03:48,04:48,05:37,06:14,21:04,21:40,22:29,23:30
2028-04-28,03:51,04:51,05:39,06:15,21:02,21:38,22:27,23:26
2028-04-27,03:55,04:53,05:42,06:17,21:01,21:36,22:25,23:23
2028-04-26,03:58,04:56,05:44,06:19,20:59,21:34,22:22,23:20
2028-04-25,04:02,04:58,05:46,06:21,20:57,21:33,22:20,23:17
2028-04-24,04:05,05:01,05:48,06:23,20:55,21:31,22:18,23:14
2028-04-23,04:08,05:04,05:50,06:25,20:54,21:29,22:16,23:11
2028-04-22,04:12,05:06,05:53,06:27,20:52,21:27,22:14,23:08
2028-04-21,04:15,05:09,05:55,06:30,20:50,21:25,22:11,23:05
2028-04-20,04:18,05:11,05:57,06:32,20:49,21:23,22:09,23:02
2028-04-19,04:22,05:14,05:59,06:34,20:47,21:22,22:07,22:59
2028-04-18,04:25,05:16,06:02,06:36,20:45,21:20,22:05,22:57
2028-04-17,04:28,05:19,06:04,06:38,20:44,21:18,22:03,22:54
2028-04-16,04:31,05:22,06:06,06:40,20:42,21:16,22:01,22:51
2028-04-15,04:34,05:24,06:08,06:42,20:40,21:14,21:58,22:48
2028-04-14,04:37,05:27,06:11,06:44,20:39,21:12,21:56,22:46
2028-04-13,04:40,05:29,06:13,06:47,20:37,21:11,21:54,22:43
2028-04-12,04:43,05:32,06:15,06:49,20:35,21:09,21:52,22:41
2028-04-11,04:46,05:34,06:18,06:51,20:34,21:07,21:50,22:38
2028-04-10,04:50,05:37,06:20,06:53,20:32,21:05,21:48,22:36
2028-04-09,04:53,05:40,06:22,06:55,20:30,21:03,21:46,22:33
2028-04-08,04:56,05:42,06:25,06:58,20:29,21:02,21:44,22:31
2028-04-07,04:58,05:45,06:27,07:00,20:27,21:00,21:42,22:28
2028-04-06,05:01,05:47,06:29,07:02,20:25,20:58,21:40,22:26
2028-04-05,05:04,05:50,06:32,07:04,20:24,20:56,21:38,22:24
2028-04-04,05:07,05:52,06:34,07:07,20:22,20:54,21:36,22:21
2028-04-03,05:10,05:55,06:36,07:09,20:20,20:53,21:34,22:19
2028-04-02,05:13,05:57,06:39,07:11,20:19,20:51,21:32,22:17
2028-04-01,05:16,06:00,06:41,07:13,20:17,20:49,21:30,22:14
2028-03-31,05:19,06:02,06:43,07:16,20:15,20:47,21:28,22:12
2028-03-30,05:21,06:05,06:46,07:18,20:13,20:46,21:26,22:10
2028-03-29,05:24,06:07,06:48,07:20,20:12,20:44,21:24,22:08
2028-03-28,05:27,06:10,06:50,07:22,20:10,20:42,21:23,22:06
2028-03-27,05:30,06:12,06:53,07:25,20:08,20:40,21:21,22:03
2028-03-26,05:33,06:15,06:55,07:27,20:07,20:39,21:19,22:01
2028-03-25,04:35,05:17,05:57,06:29,19:05,19:37,20:17,20:59
2028-03-24,04:38,05:20,06:00,06:32,19:03,19:35,20:15,20:57
2028-03-23,04:41,05:22,06:02,06:34,19:02,19:33,20:13,20:55
2028-03-22,04:43,05:25,06:04,06:36,19:00,19:32,20:11,20:53
2028-03-21,04:46,05:27,06:07,06:39,18:58,19:30,20:10,20:51
2028-03-20,04:48,05:30,06:09,06:41,18:57,19:28,20:08,20:49
2028-03-19,04:51,05:32,06:11,06:43,18:55,19:27,20:06,20:47
2028-03-18,04:54,05:34,06:14,06:45,18:53,19:25,20:04,20:45
2028-03-17,04:56,05:37,06:16,06:48,18:51,19:23,20:02,20:43
2028-03-16,04:59,05:39,06:18,06:50,18:50,19:21,20:00,20:41
2028-03-15,05:01,05:42,06:21,06:52,18:48,19:20,19:59,20:39
2028-03-14,05:04,05:44,06:23,06:55,18:46,19:18,19:57,20:37
2028-03-13,05:06,05:46,06:25,06:57,18:45,19:16,19:55,20:35
2028-03-12,05:09,05:49,06:27,06:59,18:43,19:14,19:53,20:33
2028-03-11,05:11,05:51,06:30,07:01,18:41,19:13,19:52,20:31
2028-03-10,05:13,05:53,06:32,07:04,18:39,19:11,19:50,20:30
2028-03-09,05:16,05:55,06:34,07:06,18:38,19:09,19:48,20:28
2028-03-08,05:18,05:58,06:36,07:08,18:36,19:08,19:46,20:26
2028-03-07,05:21,06:00,06:39,07:10,18:34,19:06,19:45,20:24
2028-03-06,05:23,06:02,06:41,07:12,18:33,19:04,19:43,20:22
2028-03-05,05:25,06:04,06:43,07:15,18:31,19:02,19:41,20:20
2028-03-04,05:27,06:07,06:45,07:17,18:29,19:01,19:39,20:19
2028-03-03,05:30,06:09,06:47,07:19,18:27,18:59,19:38,20:17
2028-03-02,05:32,06:11,06:50,07:21,18:25,18:57,19:36,20:15
2028-03-01,05:34,06:13,06:52,07:23,18:24,18:56,19:34,20:13
2028-02-29,05:36,06:15,06:54,07:26,18:22,18:54,19:32,20:11
2028-02-28,05:38,06:17,06:56,07:28,18:20,18:52,19:31,20:10
2028-02-27,05:40,06:19,06:58,07:30,18:18,18:50,19:29,20:08
2028-02-26,05:43,06:21,07:00,07:32,18:17,18:49,19:27,20:06
2028-02-25,05:45,06:23,07:02,07:34,18:15,18:47,19:26,20:04
2028-02-24,05:47,06:25,07:04,07:36,18:13,18:45,19:24,20:03
2028-02-23,05:49,06:27,07:06,07:38,18:11,18:43,19:22,20:01
2028-02-22,05:51,06:29,07:08,07:40,18:09,18:42,19:21,19:59
2028-02-21,05:53,06:31,07:10,07:42,18:08,18:40,19:19,19:58
2028-02-20,05:54,06:33,07:12,07:44,18:06,18:38,19:17,19:56
2028-02-19,05:56,06:35,07:14,07:46,18:04,18:37,19:15,19:54
2028-02-18,05:58,06:37,07:16,07:48,18:02,18:35,19:14,19:52
2028-02-17,06:00,06:39,07:18,07:50,18:00,18:33,19:12,19:51
2028-02-16,06:02,06:40,07:20,07:52,17:59,18:31,19:10,19:49
2028-02-15,06:04,06:42,07:21,07:54,17:57,18:30,19:09,19:47
2028-02-14,06:05,06:44,07:23,07:56,17:55,18:28,19:07,19:46
2028-02-13,06:07,06:46,07:25,07:58,17:53,18:26,19:05,19:44
2028-02-12,06:09,06:47,07:27,08:00,17:51,18:24,19:04,19:42
2028-02-11,06:10,06:49,07:28,08:02,17:49,18:23,19:02,19:41
2028-02-10,06:12,06:51,07:30,08:04,17:48,18:21,19:00,19:39
2028-02-09,06:13,06:52,07:32,08:05,17:46,18:19,18:59,19:38
2028-02-08,06:15,06:54,07:33,08:07,17:44,18:18,18:57,19:36
2028-02-07,06:16,06:55,07:35,08:09,17:42,18:16,18:56,19:34
2028-02-06,06:18,06:57,07:37,08:10,17:40,18:14,18:54,19:33
2028-02-05,06:19,06:58,07:38,08:12,17:38,18:12,18:52,19:31
2028-02-04,06:21,07:00,07:40,08:14,17:37,18:11,18:51,19:30
2028-02-03,06:22,07:01,07:41,08:15,17:35,18:09,18:49,19:28
2028-02-02,06:23,07:03,07:43,08:17,17:33,18:07,18:47,19:27
2028-02-01,06:25,07:04,07:44,08:18,17:31,18:06,18:46,19:25
2028-01-31,06:26,07:05,07:45,08:20,17:29,18:04,18:44,19:24
2028-01-30,06:27,07:06,07:47,08:21,17:28,18:02,18:43,19:22
2028-01-29,06:28,07:08,07:48,08:23,17:26,18:01,18:41,19:20
2028-01-28,06:29,07:09,07:49,08:24,17:24,17:59,18:40,19:19
2028-01-27,06:31,07:10,07:51,08:26,17:22,17:57,18:38,19:18
2028-01-26,06:32,07:11,07:52,08:27,17:21,17:56,18:37,19:16
2028-01-25,06:33,07:12,07:53,08:28,17:19,17:54,18:35,19:15
2028-01-24,06:34,07:13,07:54,08:30,17:17,17:53,18:34,19:13
2028-01-23,06:34,07:14,07:55,08:31,17:15,17:51,18:32,19:12
2028-01-22,06:35,07:15,07:56,08:32,17:14,17:49,18:31,19:10
2028-01-21,06:36,07:16,07:57,08:33,17:12,17:48,18:29,19:09
2028-01-20,06:37,07:17,07:58,08:34,17:10,17:46,18:28,19:08
2028-01-19,06:38,07:18,07:59,08:35,17:09,17:45,18:26,19:06
2028-01-18,06:38,07:18,08:00,08:36,17:07,17:43,18:25,19:05
2028-01-17,06:39,07:19,08:01,08:37,17:06,17:42,18:24,19:04
2028-01-16,06:40,07:20,08:02,08:38,17:04,17:40,18:22,19:02
2028-01-15,06:40,07:20,08:02,08:39,17:02,17:39,18:21,19:01
2028-01-14,06:41,07:21,08:03,08:40,17:01,17:38,18:20,19:00
2028-01-13,06:41,07:21,08:04,08:40,16:59,17:36,18:18,18:58
2028-01-12,06:42,07:22,08:04,08:41,16:58,17:35,18:17,18:57
2028-01-11,06:42,07:22,08:05,08:42,16:56,17:33,18:16,18:56
2028-01-10,06:42,07:23,08:05,08:42,16:55,17:32,18:15,18:55
2028-01-09,06:43,07:23,08:06,08:43,16:54,17:31,18:13,18:54
2028-01-08,06:43,07:23,08:06,08:43,16:52,17:30,18:12,18:53
2028-01-07,06:43,07:24,08:06,08:44,16:51,17:28,18:11,18:52
2028-01-06,06:43,07:24,08:07,08:44,16:50,17:27,18:10,18:51
2028-01-05,06:44,07:24,08:07,08:44,16:49,17:26,18:09,18:50
2028-01-04,06:44,07:24,08:07,08:45,16:47,17:25,18:08,18:49
2028-01-03,06:44,07:24,08:07,08:45,16:46,17:24,18:07,18:48
2028-01-02,06:44,07:24,08:07,08:45,16:45,17:23,18:06,18:47
2028-01-01,06:44,07:24,08:07,08:45,16:44,17:22,18:05,18:46
2027-12-31,06:44,07:24,08:07,08:45,16:43,17:21,18:04,18:45
2027-12-30,06:43,07:24,08:07,08:45,16:42,17:20,18:03,18:44
2027-12-29,06:43,07:24,08:07,08:45,16:41,17:19,18:02,18:43
2027-12-28,06:43,07:24,08:07,08:45,16:40,17:19,18:02,18:43
2027-12-27,06:43,07:24,08:07,08:45,16:40,17:18,18:01,18:42
2027-12-26,06:42,07:23,08:07,08:45,16:39,17:17,18:00,18:41
2027-12-25,06:42,07:23,08:06,08:44,16:38,17:16,18:00,18:40
2027-12-24,06:42,07:23,08:06,08:44,16:38,17:16,17:59,18:40
2027-12-23,06:41,07:22,08:05,08:44,16:37,17:15,17:58,18:39
2027-12-22,06:41,07:22,08:05,08:43,16:36,17:15,17:58,18:39
2027-12-21,06:40,07:21,08:05,08:43,16:36,17:14,17:57,18:38
2027-12-20,06:40,07:21,08:04,08:42,16:35,17:14,17:57,18:38
2027-12-19,06:39,07:20,08:03,08:42,16:35,17:13,17:57,18:37
2027-12-18,06:39,07:19,08:03,08:41,16:35,17:13,17:56,18:37
2027-12-17,06:38,07:19,08:02,08:40,16:34,17:13,17:56,18:37
2027-12-16,06:37,07:18,08:01,08:39,16:34,17:12,17:56,18:36
2027-12-15,06:37,07:17,08:01,08:39,16:34,17:12,17:55,18:36
2027-12-14,06:36,07:17,08:00,08:38,16:34,17:12,17:55,18:36
2027-12-13,06:35,07:16,07:59,08:37,16:34,17:12,17:55,18:36
2027-12-12,06:34,07:15,07:58,08:36,16:34,17:12,17:55,18:36
2027-12-11,06:33,07:14,07:57,08:35,16:34,17:12,17:55,18:36
2027-12-10,06:32,07:13,07:56,08:34,16:34,17:12,17:55,18:36
2027-12-09,06:32,07:12,07:55,08:33,16:34,17:12,17:55,18:36
2027-12-08,06:31,07:11,07:54,08:32,16:35,17:12,17:55,18:36
2027-12-07,06:30,07:10,07:53,08:30,16:35,17:12,17:55,18:36
2027-12-06,06:29,07:09,07:52,08:29,16:35,17:13,17:55,18:36
2027-12-05,06:28,07:08,07:51,08:28,16:36,17:13,17:56,18:36
2027-12-04,06:26,07:07,07:49,08:27,16:36,17:13,17:56,18:36
2027-12-03,06:25,07:06,07:48,08:25,16:37,17:14,17:56,18:37
2027-12-02,06:24,07:05,07:47,08:24,16:37,17:14,17:57,18:37
2027-12-01,06:23,07:03,07:46,08:23,16:38,17:15,17:57,18:37
2027-11-30,06:22,07:02,07:44,08:21,16:39,17:15,17:58,18:38
2027-11-29,06:21,07:01,07:43,08:20,16:39,17:16,17:58,18:38
2027-11-28,06:20,07:00,07:42,08:18,16:40,17:17,17:59,18:39
2027-11-27,06:18,06:58,07:40,08:17,16:41,17:17,17:59,18:39
2027-11-26,06:17,06:57,07:39,08:15,16:42,17:18,18:00,18:40
2027-11-25,06:16,06:56,07:38,08:14,16:43,17:19,18:01,18:41
2027-11-24,06:15,06:54,07:36,08:12,16:44,17:20,18:01,18:41
2027-11-23,06:13,06:53,07:35,08:11,16:45,17:21,18:02,18:42
2027-11-22,06:12,06:52,07:33,08:09,16:46,17:22,18:03,18:43
2027-11-21,06:11,06:50,07:32,08:08,16:47,17:23,18:04,18:44
2027-11-20,06:09,06:49,07:30,08:06,16:48,17:24,18:05,18:45
2027-11-19,06:08,06:48,07:29,08:04,16:49,17:25,18:06,18:45
2027-11-18,06:07,06:46,07:27,08:03,16:50,17:26,18:07,18:46
2027-11-17,06:05,06:45,07:26,08:01,16:52,17:27,18:08,18:47
2027-11-16,06:04,06:43,07:24,07:59,16:53,17:28,18:09,18:48
2027-11-15,06:02,06:42,07:22,07:58,16:54,17:29,18:10,18:50
2027-11-14,06:01,06:40,07:21,07:56,16:56,17:31,18:11,18:51
2027-11-13,05:59,06:39,07:19,07:54,16:57,17:32,18:12,18:52
2027-11-12,05:58,06:37,07:18,07:52,16:59,17:33,18:14,18:53
2027-11-11,05:57,06:36,07:16,07:51,17:00,17:35,18:15,18:54
2027-11-10,05:55,06:34,07:14,07:49,17:02,17:36,18:16,18:55
2027-11-09,05:54,06:33,07:13,07:47,17:03,17:37,18:18,18:57
2027-11-08,05:52,06:31,07:11,07:45,17:05,17:39,18:19,18:58
2027-11-07,05:51,06:30,07:10,07:44,17:06,17:40,18:21,18:59
2027-11-06,05:49,06:28,07:08,07:42,17:08,17:42,18:22,19:01
2027-11-05,05:48,06:26,07:06,07:40,17:10,17:44,18:23,19:02
2027-11-04,05:46,06:25,07:05,07:38,17:12,17:45,18:25,19:04
2027-11-03,05:45,06:23,07:03,07:37,17:13,17:47,18:27,19:05
2027-11-02,05:43,06:22,07:01,07:35,17:15,17:49,18:28,19:07
2027-11-01,05:41,06:20,07:00,07:33,17:17,17:50,18:30,19:09
2027-10-31,05:40,06:19,06:58,07:31,17:19,17:52,18:31,19:10
2027-10-30,06:38,07:17,07:56,08:30,18:21,18:54,19:33,20:12
2027-10-29,06:37,07:15,07:55,08:28,18:22,18:55,19:35,20:13
2027-10-28,06:35,07:14,07:53,08:26,18:24,18:57,19:37,20:15
2027-10-27,06:34,07:12,07:51,08:24,18:26,18:59,19:38,20:17
2027-10-26,06:32,07:11,07:50,08:23,18:28,19:01,19:40,20:19
2027-10-25,06:30,07:09,07:48,08:21,18:30,19:03,19:42,20:21
2027-10-24,06:29,07:07,07:46,08:19,18:32,19:05,19:44,20:22
2027-10-23,06:27,07:06,07:45,08:17,18:34,19:07,19:46,20:24
2027-10-22,06:26,07:04,07:43,08:16,18:36,19:09,19:48,20:26
2027-10-21,06:24,07:03,07:41,08:14,18:38,19:11,19:49,20:28
2027-10-20,06:22,07:01,07:40,08:12,18:40,19:13,19:51,20:30
2027-10-19,06:21,06:59,07:38,08:10,18:42,19:15,19:53,20:32
2027-10-18,06:19,06:58,07:37,08:09,18:44,19:17,19:55,20:34
2027-10-17,06:17,06:56,07:35,08:07,18:47,19:19,19:57,20:36
2027-10-16,06:16,06:55,07:33,08:05,18:49,19:21,19:59,20:38
2027-10-15,06:14,06:53,07:32,08:04,18:51,19:23,20:02,20:40
2027-10-14,06:12,06:51,07:30,08:02,18:53,19:25,20:04,20:42
2027-10-13,06:11,06:50,07:28,08:00,18:55,19:27,20:06,20:45
2027-10-12,06:09,06:48,07:27,07:58,18:57,19:29,20:08,20:47
2027-10-11,06:07,06:46,07:25,07:57,19:00,19:31,20:10,20:49
2027-10-10,06:06,06:45,07:23,07:55,19:02,19:34,20:12,20:51
2027-10-09,06:04,06:43,07:22,07:53,19:04,19:36,20:14,20:54
2027-10-08,06:02,06:41,07:20,07:52,19:06,19:38,20:17,20:56
2027-10-07,06:00,06:40,07:18,07:50,19:08,19:40,20:19,20:58
2027-10-06,05:59,06:38,07:17,07:48,19:11,19:42,20:21,21:00
2027-10-05,05:57,06:36,07:15,07:47,19:13,19:45,20:23,21:03
2027-10-04,05:55,06:35,07:14,07:45,19:15,19:47,20:26,21:05
2027-10-03,05:53,06:33,07:12,07:44,19:17,19:49,20:28,21:08
2027-10-02,05:52,06:31,07:10,07:42,19:20,19:51,20:30,21:10
2027-10-01,05:50,06:30,07:09,07:40,19:22,19:54,20:32,21:12
2027-09-30,05:48,06:28,07:07,07:39,19:24,19:56,20:35,21:15
2027-09-29,05:46,06:26,07:05,07:37,19:27,19:58,20:37,21:17
2027-09-28,05:44,06:25,07:04,07:35,19:29,20:00,20:40,21:20
2027-09-27,05:43,06:23,07:02,07:34,19:31,20:03,20:42,21:22
2027-09-26,05:41,06:21,07:00,07:32,19:34,20:05,20:44,21:25
2027-09-25,05:39,06:20,06:59,07:30,19:36,20:07,20:47,21:27
2027-09-24,05:37,06:18,06:57,07:29,19:38,20:10,20:49,21:30
2027-09-23,05:35,06:16,06:56,07:27,19:40,20:12,20:52,21:33
2027-09-22,05:33,06:14,06:54,07:26,19:43,20:14,20:54,21:35
2027-09-21,05:31,06:13,06:52,07:24,19:45,20:17,20:56,21:38
2027-09-20,05:29,06:11,06:51,07:22,19:47,20:19,20:59,21:41
2027-09-19,05:27,06:09,06:49,07:21,19:50,20:22,21:01,21:43
2027-09-18,05:25,06:07,06:47,07:19,19:52,20:24,21:04,21:46
2027-09-17,05:23,06:06,06:46,07:18,19:54,20:26,21:06,21:49
2027-09-16,05:21,06:04,06:44,07:16,19:57,20:29,21:09,21:51
2027-09-15,05:19,06:02,06:42,07:14,19:59,20:31,21:11,21:54
2027-09-14,05:17,06:00,06:41,07:13,20:01,20:33,21:14,21:57
2027-09-13,05:15,05:58,06:39,07:11,20:04,20:36,21:16,22:00
2027-09-12,05:13,05:57,06:37,07:10,20:06,20:38,21:19,22:02
2027-09-11,05:11,05:55,06:36,07:08,20:08,20:40,21:21,22:05
2027-09-10,05:09,05:53,06:34,07:06,20:11,20:43,21:24,22:08
2027-09-09,05:07,05:51,06:32,07:05,20:13,20:45,21:27,22:11
2027-09-08,05:04,05:49,06:31,07:03,20:15,20:48,21:29,22:14
2027-09-07,05:02,05:47,06:29,07:02,20:17,20:50,21:32,22:17
2027-09-06,05:00,05:45,06:27,07:00,20:20,20:52,21:34,22:20
2027-09-05,04:58,05:44,06:26,06:58,20:22,20:55,21:37,22:23
2027-09-04,04:55,05:42,06:24,06:57,20:24,20:57,21:39,22:26
2027-09-03,04:53,05:40,06:22,06:55,20:26,20:59,21:42,22:29
2027-09-02,04:51,05:38,06:20,06:54,20:29,21:02,21:45,22:32
2027-09-01,04:48,05:36,06:19,06:52,20:31,21:04,21:47,22:35
2027-08-31,04:46,05:34,06:17,06:50,20:33,21:07,21:50,22:38
2027-08-30,04:43,05:32,06:15,06:49,20:35,21:09,21:52,22:41
2027-08-29,04:41,05:30,06:14,06:47,20:38,21:11,21:55,22:44
2027-08-28,04:39,05:28,06:12,06:46,20:40,21:14,21:57,22:47
2027-08-27,04:36,05:26,06:10,06:44,20:42,21:16,22:00,22:50
2027-08-26,04:33,05:24,06:08,06:42,20:44,21:18,22:03,22:53
2027-08-25,04:31,05:22,06:07,06:41,20:46,21:20,22:05,22:56
2027-08-24,04:28,05:20,06:05,06:39,20:48,21:23,22:08,23:00
2027-08-23,04:25,05:18,06:03,06:38,20:51,21:25,22:10,23:03
2027-08-22,04:23,05:16,06:01,06:36,20:53,21:27,22:13,23:06
2027-08-21,04:20,05:14,06:00,06:34,20:55,21:30,22:16,23:09
2027-08-20,04:17,05:11,05:58,06:33,20:57,21:32,22:18,23:13
2027-08-19,04:14,05:09,05:56,06:31,20:59,21:34,22:21,23:16
2027-08-18,04:11,05:07,05:54,06:30,21:01,21:36,22:23,23:19
2027-08-17,04:08,05:05,05:53,06:28,21:03,21:39,22:26,23:23
2027-08-16,04:05,05:03,05:51,06:26,21:05,21:41,22:29,23:26
2027-08-15,04:02,05:01,05:49,06:25,21:07,21:43,22:31,23:29
2027-08-14,03:59,04:59,05:47,06:23,21:09,21:45,22:34,23:33
2027-08-13,03:56,04:56,05:45,06:22,21:11,21:47,22:36,23:36
2027-08-12,03:53,04:54,05:44,06:20,21:13,21:49,22:39,23:40
2027-08-11,03:50,04:52,05:42,06:18,21:15,21:51,22:41,23:44
2027-08-10,03:46,04:50,05:40,06:17,21:17,21:54,22:44,23:47
2027-08-09,03:43,04:47,05:38,06:15,21:19,21:56,22:46,23:51
2027-08-08,03:39,04:45,05:36,06:14,21:21,21:58,22:49,23:55
2027-08-07,03:36,04:43,05:35,06:12,21:22,22:00,22:51,23:59
2027-08-06,03:32,04:41,05:33,06:11,21:24,22:02,22:54,00:00
2027-08-05,03:28,04:38,05:31,06:09,21:26,22:04,22:56,00:00
2027-08-04,03:25,04:36,05:29,06:07,21:28,22:06,22:59,00:00
2027-08-03,03:21,04:34,05:28,06:06,21:29,22:08,23:01,00:00
2027-08-02,03:17,04:32,05:26,06:04,21:31,22:10,23:04,00:00
2027-08-01,03:12,04:29,05:24,06:03,21:33,22:11,23:06,00:00
2027-07-31,03:08,04:27,05:22,06:01,21:34,22:13,23:09,00:00
2027-07-30,03:03,04:25,05:21,06:00,21:36,22:15,23:11,00:00
2027-07-29,02:59,04:22,05:19,05:58,21:37,22:17,23:13,00:00
2027-07-28,02:54,04:20,05:17,05:57,21:39,22:19,23:16,00:00
2027-07-27,02:48,04:18,05:16,05:55,21:41,22:20,23:18,00:00
2027-07-26,02:42,04:16,05:14,05:54,21:42,22:22,23:20,00:00
2027-07-25,02:36,04:13,05:12,05:53,21:43,22:24,23:23,00:00
2027-07-24,02:29,04:11,05:11,05:51,21:45,22:25,23:25,00:00
2027-07-23,02:20,04:09,05:09,05:50,21:46,22:27,23:27,00:00
2027-07-22,02:09,04:07,05:07,05:48,21:47,22:28,23:29,00:00
2027-07-21,00:00,04:04,05:06,05:47,21:49,22:30,23:31,00:00
2027-07-20,00:00,04:02,05:04,05:46,21:50,22:31,23:33,00:00
2027-07-19,00:00,04:00,05:03,05:44,21:51,22:33,23:35,00:00
2027-07-18,00:00,03:58,05:01,05:43,21:52,22:34,23:37,00:00
2027-07-17,00:00,03:56,05:00,05:42,21:53,22:36,23:39,00:00
2027-07-16,00:00,03:54,04:58,05:41,21:54,22:37,23:41,00:00
2027-07-15,00:00,03:52,04:57,05:39,21:55,22:38,23:43,00:00
2027-07-14,00:00,03:50,04:55,05:38,21:56,22:39,23:45,00:00
2027-07-13,00:00,03:48,04:54,05:37,21:57,22:40,23:47,00:00
2027-07-12,00:00,03:46,04:53,05:36,21:58,22:42,23:49,00:00
2027-07-11,00:00,03:44,04:51,05:35,21:59,22:43,23:50,00:00
2027-07-10,00:00,03:42,04:50,05:34,22:00,22:44,23:52,00:00
2027-07-09,00:00,03:40,04:49,05:33,22:01,22:44,23:53,00:00
2027-07-08,00:00,03:38,04:48,05:32,22:01,22:45,23:55,00:00
2027-07-07,00:00,03:36,04:47,05:31,22:02,22:46,23:56,00:00
2027-07-06,00:00,03:35,04:45,05:30,22:02,22:47,23:57,00:00
2027-07-05,00:00,03:33,04:44,05:29,22:03,22:48,23:59,00:00
2027-07-04,00:00,03:32,04:43,05:28,22:03,22:48,00:00,00:00
2027-07-03,00:00,03:30,04:42,05:27,22:04,22:49,00:00,00:00
2027-07-02,00:00,03:29,04:42,05:27,22:04,22:49,00:00,00:00
2027-07-01,00:00,03:28,04:41,05:26,22:05,22:50,00:00,00:00
2027-06-30,00:00,03:27,04:40,05:25,22:05,22:50,00:00,00:00
2027-06-29,00:00,03:25,04:39,05:25,22:05,22:50,00:00,00:00
2027-06-28,00:00,03:24,04:39,05:24,22:05,22:51,00:00,00:00
2027-06-27,00:00,03:24,04:38,05:23,22:05,22:51,00:00,00:00
2027-06-26,00:00,03:23,04:37,05:23,22:05,22:51,00:00,00:00
2027-06-25,00:00,03:22,04:37,05:23,22:06,22:51,00:00,00:00
2027-06-24,00:00,03:21,04:37,05:22,22:05,22:51,00:00,00:00
2027-06-23,00:00,03:21,04:36,05:22,22:05,22:51,00:00,00:00
2027-06-22,00:00,03:21,04:36,05:22,22:05,22:51,00:00,00:00
2027-06-21,00:00,03:20,04:36,05:21,22:05,22:51,00:00,00:00
2027-06-20,00:00,03:20,04:35,05:21,22:05,22:50,00:00,00:00
2027-06-19,00:00,03:20,04:35,05:21,22:04,22:50,00:00,00:00
2027-06-18,00:00,03:20,04:35,05:21,22:04,22:50,00:00,00:00
2027-06-17,00:00,03:20,04:35,05:21,22:04,22:49,00:00,00:00
2027-06-16,00:00,03:21,04:35,05:21,22:03,22:49,00:00,00:00
2027-06-15,00:00,03:21,04:35,05:21,22:03,22:48,00:00,00:00
2027-06-14,00:00,03:22,04:36,05:21,22:02,22:48,00:00,00:00
2027-06-13,00:00,03:22,04:36,05:21,22:02,22:47,00:00,00:00
2027-06-12,00:00,03:23,04:36,05:21,22:01,22:46,00:00,00:00
2027-06-11,00:00,03:24,04:37,05:22,22:00,22:45,23:58,00:00
2027-06-10,00:00,03:25,04:37,05:22,22:00,22:45,23:57,00:00
2027-06-09,00:00,03:26,04:38,05:22,21:59,22:44,23:56,00:00
2027-06-08,00:00,03:27,04:38,05:23,21:58,22:43,23:54,00:00
2027-06-07,00:00,03:28,04:39,05:23,21:57,22:42,23:53,00:00
2027-06-06,00:00,03:29,04:40,05:24,21:56,22:41,23:51,00:00
2027-06-05,00:00,03:30,04:40,05:24,21:55,22:39,23:49,00:00
2027-06-04,00:00,03:32,04:41,05:25,21:54,22:38,23:48,00:00
2027-06-03,00:00,03:33,04:42,05:26,21:53,22:37,23:46,00:00
2027-06-02,00:00,03:35,04:43,05:27,21:52,22:36,23:44,00:00
2027-06-01,00:00,03:36,04:44,05:27,21:51,22:35,23:42,00:00
2027-05-31,00:00,03:38,04:45,05:28,21:50,22:33,23:40,00:00
2027-05-30,00:00,03:40,04:46,05:29,21:49,22:32,23:38,00:00
2027-05-29,00:00,03:42,04:47,05:30,21:48,22:30,23:36,00:00
2027-05-28,00:00,03:43,04:48,05:31,21:46,22:29,23:34,00:00
2027-05-27,00:00,03:45,04:50,05:32,21:45,22:28,23:32,00:00
2027-05-26,00:00,03:47,04:51,05:33,21:44,22:26,23:30,00:00
2027-05-25,00:00,03:49,04:52,05:34,21:43,22:25,23:27,00:00
2027-05-24,00:00,03:51,04:54,05:35,21:41,22:23,23:25,00:00
2027-05-23,00:00,03:53,04:55,05:36,21:40,22:21,23:23,00:00
2027-05-22,00:00,03:55,04:56,05:38,21:39,22:20,23:21,00:00
2027-05-21,02:03,03:57,04:58,05:39,21:37,22:18,23:19,00:00
2027-05-20,02:13,04:00,04:59,05:40,21:36,22:16,23:16,00:00
2027-05-19,02:21,04:02,05:01,05:41,21:34,22:15,23:14,00:00
2027-05-18,02:28,04:04,05:03,05:43,21:33,22:13,23:12,00:00
2027-05-17,02:34,04:06,05:04,05:44,21:31,22:11,23:09,00:00
2027-05-16,02:40,04:09,05:06,05:46,21:30,22:10,23:07,00:00
2027-05-15,02:45,04:11,05:08,05:47,21:28,22:08,23:05,00:00
2027-05-14,02:50,04:13,05:09,05:49,21:27,22:06,23:02,00:00
2027-05-13,02:55,04:16,05:11,05:50,21:25,22:04,23:00,00:00
2027-05-12,03:00,04:18,05:13,05:52,21:24,22:03,22:58,00:00
2027-05-11,03:04,04:20,05:15,05:53,21:22,22:01,22:55,00:00
2027-05-10,03:08,04:23,05:17,05:55,21:21,21:59,22:53,00:00
2027-05-09,03:13,04:25,05:19,05:57,21:19,21:57,22:51,00:00
2027-05-08,03:17,04:28,05:21,05:58,21:17,21:55,22:48,23:59
2027-05-07,03:21,04:30,05:23,06:00,21:16,21:53,22:46,23:55
2027-05-06,03:25,04:33,05:24,06:02,21:14,21:52,22:44,23:51
2027-05-05,03:29,04:35,05:26,06:04,21:12,21:50,22:41,23:48
2027-05-04,03:32,04:38,05:29,06:06,21:11,21:48,22:39,23:44
2027-05-03,03:36,04:40,05:31,06:07,21:09,21:46,22:37,23:41
2027-05-02,03:40,04:43,05:33,06:09,21:08,21:44,22:34,23:37
2027-05-01,03:43,04:45,05:35,06:11,21:06,21:42,22:32,23:34
2027-04-30,03:47,04:48,05:37,06:13,21:04,21:40,22:30,23:30
2027-04-29,03:50,04:50,05:39,06:15,21:03,21:39,22:27,23:27
2027-04-28,03:54,04:53,05:41,06:17,21:01,21:37,22:25,23:24
2027-04-27,03:57,04:55,05:43,06:19,20:59,21:35,22:23,23:21
2027-04-26,04:01,04:58,05:45,06:21,20:58,21:33,22:21,23:18
2027-04-25,04:04,05:00,05:48,06:23,20:56,21:31,22:18,23:15
2027-04-24,04:08,05:03,05:50,06:25,20:54,21:29,22:16,23:12
2027-04-23,04:11,05:05,05:52,06:27,20:53,21:28,22:14,23:09
2027-04-22,04:14,05:08,05:54,06:29,20:51,21:26,22:12,23:06
2027-04-21,04:17,05:11,05:56,06:31,20:49,21:24,22:10,23:03
2027-04-20,04:21,05:13,05:59,06:33,20:48,21:22,22:08,23:00
2027-04-19,04:24,05:16,06:01,06:35,20:46,21:20,22:05,22:57
2027-04-18,04:27,05:18,06:03,06:37,20:44,21:18,22:03,22:54
2027-04-17,04:30,05:21,06:06,06:40,20:42,21:16,22:01,22:52
2027-04-16,04:33,05:23,06:08,06:42,20:41,21:15,21:59,22:49
2027-04-15,04:37,05:26,06:10,06:44,20:39,21:13,21:57,22:46
2027-04-14,04:40,05:29,06:12,06:46,20:37,21:11,21:55,22:44
2027-04-13,04:43,05:31,06:15,06:48,20:36,21:09,21:53,22:41
2027-04-12,04:46,05:34,06:17,06:50,20:34,21:07,21:51,22:39
2027-04-11,04:49,05:36,06:19,06:53,20:32,21:06,21:49,22:36
2027-04-10,04:52,05:39,06:22,06:55,20:31,21:04,21:47,22:34
2027-04-09,04:55,05:42,06:24,06:57,20:29,21:02,21:45,22:31
2027-04-08,04:58,05:44,06:26,06:59,20:27,21:00,21:43,22:29
2027-04-07,05:01,05:47,06:29,07:02,20:26,20:58,21:41,22:26
2027-04-06,05:04,05:49,06:31,07:04,20:24,20:57,21:39,22:24
2027-04-05,05:07,05:52,06:33,07:06,20:22,20:55,21:37,22:22
2027-04-04,05:09,05:54,06:36,07:08,20:21,20:53,21:35,22:19
2027-04-03,05:12,05:57,06:38,07:11,20:19,20:51,21:33,22:17
2027-04-02,05:15,05:59,06:40,07:13,20:17,20:50,21:31,22:15
2027-04-01,05:18,06:02,06:43,07:15,20:16,20:48,21:29,22:13
2027-03-31,05:21,06:04,06:45,07:17,20:14,20:46,21:27,22:10
2027-03-30,05:24,06:07,06:48,07:20,20:12,20:44,21:25,22:08
2027-03-29,05:26,06:09,06:50,07:22,20:11,20:43,21:23,22:06
2027-03-28,05:29,06:12,06:52,07:24,20:09,20:41,21:21,22:04
2027-03-27,04:32,05:14,05:55,06:27,19:07,19:39,20:19,21:02
2027-03-26,04:35,05:17,05:57,06:29,19:05,19:37,20:17,21:00
2027-03-25,04:37,05:19,05:59,06:31,19:04,19:36,20:16,20:58
2027-03-24,04:40,05:22,06:02,06:33,19:02,19:34,20:14,20:56
2027-03-23,04:43,05:24,06:04,06:36,19:00,19:32,20:12,20:53
2027-03-22,04:45,05:27,06:06,06:38,18:59,19:30,20:10,20:51
2027-03-21,04:48,05:29,06:09,06:40,18:57,19:29,20:08,20:49
2027-03-20,04:50,05:31,06:11,06:43,18:55,19:27,20:06,20:47
2027-03-19,04:53,05:34,06:13,06:45,18:54,19:25,20:05,20:45
2027-03-18,04:56,05:36,06:16,06:47,18:52,19:23,20:03,20:43
2027-03-17,04:58,05:39,06:18,06:49,18:50,19:22,20:01,20:41
2027-03-16,05:01,05:41,06:20,06:52,18:48,19:20,19:59,20:40
2027-03-15,05:03,05:43,06:22,06:54,18:47,19:18,19:57,20:38
2027-03-14,05:06,05:46,06:25,06:56,18:45,19:17,19:56,20:36
2027-03-13,05:08,05:48,06:27,06:58,18:43,19:15,19:54,20:34
2027-03-12,05:10,05:50,06:29,07:01,18:42,19:13,19:52,20:32
2027-03-11,05:13,05:53,06:31,07:03,18:40,19:11,19:50,20:30
2027-03-10,05:15,05:55,06:34,07:05,18:38,19:10,19:49,20:28
2027-03-09,05:18,05:57,06:36,07:07,18:36,19:08,19:47,20:26
2027-03-08,05:20,05:59,06:38,07:10,18:35,19:06,19:45,20:24
2027-03-07,05:22,06:02,06:40,07:12,18:33,19:05,19:43,20:23
2027-03-06,05:25,06:04,06:43,07:14,18:31,19:03,19:42,20:21
2027-03-05,05:27,06:06,06:45,07:16,18:29,19:01,19:40,20:19
2027-03-04,05:29,06:08,06:47,07:19,18:28,18:59,19:38,20:17
2027-03-03,05:31,06:10,06:49,07:21,18:26,18:58,19:36,20:15
2027-03-02,05:33,06:12,06:51,07:23,18:24,18:56,19:35,20:14
2027-03-01,05:36,06:15,06:53,07:25,18:22,18:54,19:33,20:12
2027-02-28,05:38,06:17,06:55,07:27,18:21,18:53,19:31,20:10
2027-02-27,05:40,06:19,06:57,07:29,18:19,18:51,19:29,20:08
2027-02-26,05:42,06:21,07:00,07:31,18:17,18:49,19:28,20:07
2027-02-25,05:44,06:23,07:02,07:34,18:15,18:47,19:26,20:05
2027-02-24,05:46,06:25,07:04,07:36,18:13,18:46,19:24,20:03
2027-02-23,05:48,06:27,07:06,07:38,18:12,18:44,19:23,20:01
2027-02-22,05:50,06:29,07:08,07:40,18:10,18:42,19:21,20:00
2027-02-21,05:52,06:31,07:10,07:42,18:08,18:40,19:19,19:58
2027-02-20,05:54,06:33,07:12,07:44,18:06,18:39,19:18,19:56
2027-02-19,05:56,06:35,07:13,07:46,18:04,18:37,19:16,19:55
2027-02-18,05:58,06:36,07:15,07:48,18:03,18:35,19:14,19:53
2027-02-17,06:00,06:38,07:17,07:50,18:01,18:33,19:13,19:51
2027-02-16,06:01,06:40,07:19,07:52,17:59,18:32,19:11,19:50
2027-02-15,06:03,06:42,07:21,07:54,17:57,18:30,19:09,19:48
2027-02-14,06:05,06:44,07:23,07:56,17:55,18:28,19:07,19:46
2027-02-13,06:07,06:45,07:25,07:58,17:54,18:27,19:06,19:45
2027-02-12,06:08,06:47,07:26,07:59,17:52,18:25,19:04,19:43
2027-02-11,06:10,06:49,07:28,08:01,17:50,18:23,19:03,19:41
2027-02-10,06:12,06:50,07:30,08:03,17:48,18:21,19:01,19:40
2027-02-09,06:13,06:52,07:31,08:05,17:46,18:20,18:59,19:38
2027-02-08,06:15,06:53,07:33,08:07,17:44,18:18,18:58,19:36
2027-02-07,06:16,06:55,07:35,08:08,17:43,18:16,18:56,19:35
2027-02-06,06:18,06:56,07:36,08:10,17:41,18:15,18:54,19:33
2027-02-05,06:19,06:58,07:38,08:12,17:39,18:13,18:53,19:32
2027-02-04,06:20,06:59,07:39,08:13,17:37,18:11,18:51,19:30
2027-02-03,06:22,07:01,07:41,08:15,17:35,18:09,18:49,19:28
2027-02-02,06:23,07:02,07:42,08:17,17:33,18:08,18:48,19:27
2027-02-01,06:24,07:04,07:44,08:18,17:32,18:06,18:46,19:25
2027-01-31,06:26,07:05,07:45,08:20,17:30,18:04,18:45,19:24
2027-01-30,06:27,07:06,07:47,08:21,17:28,18:03,18:43,19:22
2027-01-29,06:28,07:07,07:48,08:23,17:26,18:01,18:42,19:21
2027-01-28,06:29,07:08,07:49,08:24,17:25,17:59,18:40,19:19
2027-01-27,06:30,07:10,07:50,08:25,17:23,17:58,18:38,19:18
2027-01-26,06:31,07:11,07:52,08:27,17:21,17:56,18:37,19:16
2027-01-25,06:32,07:12,07:53,08:28,17:19,17:55,18:35,19:15
2027-01-24,06:33,07:13,07:54,08:29,17:18,17:53,18:34,19:13
2027-01-23,06:34,07:14,07:55,08:30,17:16,17:51,18:32,19:12
2027-01-22,06:35,07:15,07:56,08:32,17:14,17:50,18:31,19:11
2027-01-21,06:36,07:16,07:57,08:33,17:12,17:48,18:30,19:09
2027-01-20,06:37,07:17,07:58,08:34,17:11,17:47,18:28,19:08
2027-01-19,06:38,07:17,07:59,08:35,17:09,17:45,18:27,19:07
2027-01-18,06:38,07:18,08:00,08:36,17:08,17:44,18:25,19:05
2027-01-17,06:39,07:19,08:01,08:37,17:06,17:42,18:24,19:04
2027-01-16,06:40,07:20,08:01,08:38,17:04,17:41,18:23,19:03
2027-01-15,06:40,07:20,08:02,08:39,17:03,17:39,18:21,19:01
2027-01-14,06:41,07:21,08:03,08:39,17:01,17:38,18:20,19:00
2027-01-13,06:41,07:21,08:03,08:40,17:00,17:36,18:19,18:59
2027-01-12,06:42,07:22,08:04,08:41,16:58,17:35,18:17,18:58
2027-01-11,06:42,07:22,08:05,08:42,16:57,17:34,18:16,18:56
2027-01-10,06:42,07:23,08:05,08:42,16:55,17:33,18:15,18:55
2027-01-09,06:43,07:23,08:06,08:43,16:54,17:31,18:14,18:54
2027-01-08,06:43,07:23,08:06,08:43,16:53,17:30,18:13,18:53
2027-01-07,06:43,07:24,08:06,08:44,16:51,17:29,18:11,18:52
2027-01-06,06:43,07:24,08:07,08:44,16:50,17:28,18:10,18:51
2027-01-05,06:44,07:24,08:07,08:44,16:49,17:26,18:09,18:50
2027-01-04,06:44,07:24,08:07,08:45,16:48,17:25,18:08,18:49
2027-01-03,06:44,07:24,08:07,08:45,16:47,17:24,18:07,18:48
2027-01-02,06:44,07:24,08:07,08:45,16:45,17:23,18:06,18:47
2027-01-01,06:44,07:24,08:07,08:45,16:44,17:22,18:05,18:46
2026-12-31,06:44,07:24,08:07,08:45,16:43,17:21,18:04,18:45
2026-12-30,06:43,07:24,08:07,08:45,16:42,17:20,18:04,18:44
2026-12-29,06:43,07:24,08:07,08:45,16:42,17:20,18:03,18:43
2026-12-28,06:43,07:24,08:07,08:45,16:41,17:19,18:02,18:43
2026-12-27,06:43,07:24,08:07,08:45,16:40,17:18,18:01,18:42
2026-12-26,06:43,07:23,08:07,08:45,16:39,17:17,18:00,18:41
2026-12-25,06:42,07:23,08:06,08:45,16:38,17:17,18:00,18:41
2026-12-24,06:42,07:23,08:06,08:44,16:38,17:16,17:59,18:40
2026-12-23,06:41,07:22,08:06,08:44,16:37,17:15,17:59,18:39
2026-12-22,06:41,07:22,08:05,08:43,16:37,17:15,17:58,18:39
2026-12-21,06:40,07:21,08:05,08:43,16:36,17:14,17:58,18:38
2026-12-20,06:40,07:21,08:04,08:42,16:36,17:14,17:57,18:38
2026-12-19,06:39,07:20,08:04,08:42,16:35,17:13,17:57,18:38
2026-12-18,06:39,07:20,08:03,08:41,16:35,17:13,17:56,18:37
2026-12-17,06:38,07:19,08:02,08:40,16:35,17:13,17:56,18:37
2026-12-16,06:37,07:18,08:02,08:40,16:34,17:12,17:56,18:36
2026-12-15,06:37,07:18,08:01,08:39,16:34,17:12,17:55,18:36
2026-12-14,06:36,07:17,08:00,08:38,16:34,17:12,17:55,18:36
2026-12-13,06:35,07:16,07:59,08:37,16:34,17:12,17:55,18:36
2026-12-12,06:34,07:15,07:58,08:36,16:34,17:12,17:55,18:36
2026-12-11,06:34,07:14,07:57,08:35,16:34,17:12,17:55,18:36
2026-12-10,06:33,07:13,07:56,08:34,16:34,17:12,17:55,18:36
2026-12-09,06:32,07:12,07:55,08:33,16:34,17:12,17:55,18:36
2026-12-08,06:31,07:11,07:54,08:32,16:35,17:12,17:55,18:36
2026-12-07,06:30,07:10,07:53,08:31,16:35,17:12,17:55,18:36
2026-12-06,06:29,07:09,07:52,08:30,16:35,17:13,17:55,18:36
2026-12-05,06:28,07:08,07:51,08:28,16:36,17:13,17:56,18:36
2026-12-04,06:27,07:07,07:50,08:27,16:36,17:13,17:56,18:36
2026-12-03,06:26,07:06,07:49,08:26,16:37,17:14,17:56,18:37
2026-12-02,06:25,07:05,07:47,08:24,16:37,17:14,17:57,18:37
2026-12-01,06:23,07:04,07:46,08:23,16:38,17:15,17:57,18:37
2026-11-30,06:22,07:03,07:45,08:22,16:38,17:15,17:58,18:38
2026-11-29,06:21,07:01,07:43,08:20,16:39,17:16,17:58,18:38
2026-11-28,06:20,07:00,07:42,08:19,16:40,17:17,17:59,18:39
2026-11-27,06:19,06:59,07:41,08:17,16:41,17:17,17:59,18:39
2026-11-26,06:17,06:57,07:39,08:16,16:42,17:18,18:00,18:40
2026-11-25,06:16,06:56,07:38,08:14,16:42,17:19,18:01,18:41
2026-11-24,06:15,06:55,07:37,08:13,16:43,17:20,18:01,18:41
2026-11-23,06:14,06:53,07:35,08:11,16:44,17:20,18:02,18:42
2026-11-22,06:12,06:52,07:34,08:10,16:45,17:21,18:03,18:43
2026-11-21,06:11,06:51,07:32,08:08,16:47,17:22,18:04,18:44
2026-11-20,06:10,06:49,07:31,08:06,16:48,17:23,18:05,18:44
2026-11-19,06:08,06:48,07:29,08:05,16:49,17:24,18:06,18:45
2026-11-18,06:07,06:46,07:28,08:03,16:50,17:26,18:07,18:46
2026-11-17,06:06,06:45,07:26,08:01,16:51,17:27,18:08,18:47
2026-11-16,06:04,06:44,07:24,08:00,16:53,17:28,18:09,18:48
2026-11-15,06:03,06:42,07:23,07:58,16:54,17:29,18:10,18:49
2026-11-14,06:01,06:41,07:21,07:56,16:55,17:30,18:11,18:50
2026-11-13,06:00,06:39,07:20,07:54,16:57,17:32,18:12,18:51
2026-11-12,05:58,06:38,07:18,07:53,16:58,17:33,18:13,18:53
2026-11-11,05:57,06:36,07:16,07:51,17:00,17:34,18:15,18:54
2026-11-10,05:55,06:35,07:15,07:49,17:01,17:36,18:16,18:55
2026-11-09,05:54,06:33,07:13,07:48,17:03,17:37,18:17,18:56
2026-11-08,05:52,06:32,07:12,07:46,17:04,17:39,18:19,18:58
2026-11-07,05:51,06:30,07:10,07:44,17:06,17:40,18:20,18:59
2026-11-06,05:49,06:28,07:08,07:42,17:08,17:42,18:22,19:01
2026-11-05,05:48,06:27,07:07,07:41,17:09,17:43,18:23,19:02
2026-11-04,05:46,06:25,07:05,07:39,17:11,17:45,18:25,19:03
2026-11-03,05:45,06:24,07:03,07:37,17:13,17:46,18:26,19:05
2026-11-02,05:43,06:22,07:02,07:35,17:15,17:48,18:28,19:07
2026-11-01,05:42,06:21,07:00,07:33,17:16,17:50,18:29,19:08
2026-10-31,05:40,06:19,06:58,07:32,17:18,17:52,18:31,19:10
2026-10-30,05:39,06:17,06:57,07:30,17:20,17:53,18:33,19:11
2026-10-29,05:37,06:16,06:55,07:28,17:22,17:55,18:34,19:13
2026-10-28,05:36,06:14,06:53,07:26,17:24,17:57,18:36,19:15
2026-10-27,05:34,06:13,06:52,07:25,17:26,17:59,18:38,19:17
2026-10-26,05:32,06:11,06:50,07:23,17:28,18:01,18:40,19:18
2026-10-25,05:31,06:09,06:49,07:21,17:30,18:02,18:41,19:20
2026-10-24,06:29,07:08,07:47,08:19,18:32,19:04,19:43,20:22
2026-10-23,06:28,07:06,07:45,08:18,18:34,19:06,19:45,20:24
2026-10-22,06:26,07:05,07:44,08:16,18:36,19:08,19:47,20:26
2026-10-21,06:24,07:03,07:42,08:14,18:38,19:10,19:49,20:28
2026-10-20,06:23,07:01,07:40,08:13,18:40,19:12,19:51,20:30
2026-10-19,06:21,07:00,07:39,08:11,18:42,19:14,19:53,20:32
2026-10-18,06:19,06:58,07:37,08:09,18:44,19:16,19:55,20:34
2026-10-17,06:18,06:57,07:35,08:07,18:46,19:18,19:57,20:36
2026-10-16,06:16,06:55,07:34,08:06,18:48,19:20,19:59,20:38
2026-10-15,06:14,06:53,07:32,08:04,18:50,19:22,20:01,20:40
2026-10-14,06:13,06:52,07:30,08:02,18:52,19:24,20:03,20:42
2026-10-13,06:11,06:50,07:29,08:01,18:55,19:27,20:05,20:44
2026-10-12,06:09,06:48,07:27,07:59,18:57,19:29,20:07,20:46
2026-10-11,06:08,06:47,07:25,07:57,18:59,19:31,20:09,20:48
2026-10-10,06:06,06:45,07:24,07:56,19:01,19:33,20:12,20:51
2026-10-09,06:04,06:43,07:22,07:54,19:03,19:35,20:14,20:53
2026-10-08,06:03,06:42,07:20,07:52,19:06,19:37,20:16,20:55
2026-10-07,06:01,06:40,07:19,07:51,19:08,19:40,20:18,20:58
2026-10-06,05:59,06:39,07:17,07:49,19:10,19:42,20:20,21:00
2026-10-05,05:57,06:37,07:16,07:47,19:12,19:44,20:23,21:02
2026-10-04,05:56,06:35,07:14,07:46,19:15,19:46,20:25,21:05
2026-10-03,05:54,06:34,07:12,07:44,19:17,19:48,20:27,21:07
2026-10-02,05:52,06:32,07:11,07:42,19:19,19:51,20:30,21:09
2026-10-01,05:50,06:30,07:09,07:41,19:21,19:53,20:32,21:12
2026-09-30,05:49,06:28,07:07,07:39,19:24,19:55,20:34,21:14
2026-09-29,05:47,06:27,07:06,07:37,19:26,19:58,20:37,21:17
2026-09-28,05:45,06:25,07:04,07:36,19:28,20:00,20:39,21:19
2026-09-27,05:43,06:23,07:03,07:34,19:31,20:02,20:41,21:22
2026-09-26,05:41,06:22,07:01,07:32,19:33,20:05,20:44,21:24
2026-09-25,05:39,06:20,06:59,07:31,19:35,20:07,20:46,21:27
2026-09-24,05:37,06:18,06:58,07:29,19:38,20:09,20:49,21:29
2026-09-23,05:36,06:17,06:56,07:28,19:40,20:12,20:51,21:32
2026-09-22,05:34,06:15,06:54,07:26,19:42,20:14,20:53,21:35
2026-09-21,05:32,06:13,06:53,07:24,19:45,20:16,20:56,21:37
2026-09-20,05:30,06:11,06:51,07:23,19:47,20:19,20:58,21:40
2026-09-19,05:28,06:10,06:49,07:21,19:49,20:21,21:01,21:43
2026-09-18,05:26,06:08,06:48,07:20,19:51,20:23,21:03,21:45
2026-09-17,05:24,06:06,06:46,07:18,19:54,20:26,21:06,21:48
2026-09-16,05:22,06:04,06:44,07:16,19:56,20:28,21:08,21:51
2026-09-15,05:20,06:02,06:43,07:15,19:58,20:30,21:11,21:53
2026-09-14,05:18,06:01,06:41,07:13,20:01,20:33,21:13,21:56
2026-09-13,05:16,05:59,06:39,07:12,20:03,20:35,21:16,21:59
2026-09-12,05:14,05:57,06:38,07:10,20:05,20:38,21:18,22:02
2026-09-11,05:11,05:55,06:36,07:08,20:08,20:40,21:21,22:05
2026-09-10,05:09,05:53,06:34,07:07,20:10,20:42,21:23,22:07
2026-09-09,05:07,05:52,06:33,07:05,20:12,20:45,21:26,22:10
2026-09-08,05:05,05:50,06:31,07:04,20:15,20:47,21:28,22:13
2026-09-07,05:03,05:48,06:29,07:02,20:17,20:49,21:31,22:16
2026-09-06,05:00,05:46,06:28,07:00,20:19,20:52,21:34,22:19
2026-09-05,04:58,05:44,06:26,06:59,20:21,20:54,21:36,22:22
2026-09-04,04:56,05:42,06:24,06:57,20:24,20:57,21:39,22:25
2026-09-03,04:54,05:40,06:23,06:56,20:26,20:59,21:41,22:28
2026-09-02,04:51,05:38,06:21,06:54,20:28,21:01,21:44,22:31
2026-09-01,04:49,05:36,06:19,06:52,20:30,21:04,21:46,22:34
2026-08-31,04:47,05:34,06:17,06:51,20:33,21:06,21:49,22:37
2026-08-30,04:44,05:32,06:16,06:49,20:35,21:08,21:52,22:40
2026-08-29,04:42,05:30,06:14,06:48,20:37,21:11,21:54,22:43
2026-08-28,04:39,05:28,06:12,06:46,20:39,21:13,21:57,22:46
2026-08-27,04:37,05:26,06:11,06:44,20:41,21:15,21:59,22:49
2026-08-26,04:34,05:24,06:09,06:43,20:44,21:18,22:02,22:52
2026-08-25,04:31,05:22,06:07,06:41,20:46,21:20,22:05,22:56
2026-08-24,04:29,05:20,06:05,06:40,20:48,21:22,22:07,22:59
2026-08-23,04:26,05:18,06:04,06:38,20:50,21:24,22:10,23:02
2026-08-22,04:23,05:16,06:02,06:36,20:52,21:27,22:12,23:05
2026-08-21,04:21,05:14,06:00,06:35,20:54,21:29,22:15,23:08
2026-08-20,04:18,05:12,05:58,06:33,20:56,21:31,22:18,23:12
2026-08-19,04:15,05:10,05:56,06:32,20:59,21:34,22:20,23:15
2026-08-18,04:12,05:08,05:55,06:30,21:01,21:36,22:23,23:18
2026-08-17,04:09,05:06,05:53,06:28,21:03,21:38,22:25,23:22
2026-08-16,04:06,05:03,05:51,06:27,21:05,21:40,22:28,23:25
2026-08-15,04:03,05:01,05:49,06:25,21:07,21:42,22:31,23:29
2026-08-14,04:00,04:59,05:48,06:24,21:09,21:45,22:33,23:32
2026-08-13,03:57,04:57,05:46,06:22,21:11,21:47,22:36,23:36
2026-08-12,03:54,04:55,05:44,06:20,21:13,21:49,22:38,23:39
2026-08-11,03:50,04:52,05:42,06:19,21:14,21:51,22:41,23:43
2026-08-10,03:47,04:50,05:40,06:17,21:16,21:53,22:43,23:46
2026-08-09,03:44,04:48,05:39,06:16,21:18,21:55,22:46,23:50
2026-08-08,03:40,04:46,05:37,06:14,21:20,21:57,22:48,23:54
2026-08-07,03:37,04:44,05:35,06:12,21:22,21:59,22:51,23:58
2026-08-06,03:33,04:41,05:33,06:11,21:24,22:01,22:53,00:00
2026-08-05,03:29,04:39,05:32,06:09,21:25,22:03,22:56,00:00
2026-08-04,03:26,04:37,05:30,06:08,21:27,22:05,22:58,00:00
2026-08-03,03:22,04:34,05:28,06:06,21:29,22:07,23:01,00:00
2026-08-02,03:18,04:32,05:26,06:05,21:31,22:09,23:03,00:00
2026-08-01,03:13,04:30,05:25,06:03,21:32,22:11,23:06,00:00
2026-07-31,03:09,04:28,05:23,06:02,21:34,22:13,23:08,00:00
2026-07-30,03:04,04:25,05:21,06:00,21:36,22:15,23:10,00:00
2026-07-29,03:00,04:23,05:19,05:59,21:37,22:16,23:13,00:00
2026-07-28,02:55,04:21,05:18,05:57,21:39,22:18,23:15,00:00
2026-07-27,02:49,04:18,05:16,05:56,21:40,22:20,23:17,00:00
2026-07-26,02:44,04:16,05:14,05:54,21:42,22:22,23:20,00:00
2026-07-25,02:38,04:14,05:13,05:53,21:43,22:23,23:22,00:00
2026-07-24,02:31,04:12,05:11,05:51,21:44,22:25,23:24,00:00
2026-07-23,02:23,04:09,05:09,05:50,21:46,22:27,23:26,00:00
2026-07-22,02:12,04:07,05:08,05:49,21:47,22:28,23:29,00:00
2026-07-21,00:00,04:05,05:06,05:47,21:48,22:30,23:31,00:00
2026-07-20,00:00,04:03,05:04,05:46,21:50,22:31,23:33,00:00
2026-07-19,00:00,04:01,05:03,05:45,21:51,22:33,23:35,00:00
2026-07-18,00:00,03:58,05:01,05:43,21:52,22:34,23:37,00:00
2026-07-17,00:00,03:56,05:00,05:42,21:53,22:35,23:39,00:00
2026-07-16,00:00,03:54,04:58,05:41,21:54,22:37,23:41,00:00
2026-07-15,00:00,03:52,04:57,05:40,21:55,22:38,23:43,00:00
2026-07-14,00:00,03:50,04:56,05:38,21:56,22:39,23:45,00:00
2026-07-13,00:00,03:48,04:54,05:37,21:57,22:40,23:46,00:00
2026-07-12,00:00,03:46,04:53,05:36,21:58,22:41,23:48,00:00
2026-07-11,00:00,03:44,04:52,05:35,21:59,22:42,23:50,00:00
2026-07-10,00:00,03:42,04:50,05:34,22:00,22:43,23:51,00:00
2026-07-09,00:00,03:40,04:49,05:33,22:00,22:44,23:53,00:00
2026-07-08,00:00,03:39,04:48,05:32,22:01,22:45,23:54,00:00
2026-07-07,00:00,03:37,04:47,05:31,22:02,22:46,23:56,00:00
2026-07-06,00:00,03:35,04:46,05:30,22:02,22:47,23:57,00:00
2026-07-05,00:00,03:34,04:45,05:29,22:03,22:47,23:58,00:00
2026-07-04,00:00,03:32,04:44,05:28,22:03,22:48,00:00,00:00
2026-07-03,00:00,03:31,04:43,05:28,22:04,22:49,00:00,00:00
2026-07-02,00:00,03:29,04:42,05:27,22:04,22:49,00:00,00:00
2026-07-01,00:00,03:28,04:41,05:26,22:05,22:50,00:00,00:00
2026-06-30,00:00,03:27,04:40,05:25,22:05,22:50,00:00,00:00
2026-06-29,00:00,03:26,04:39,05:25,22:05,22:50,00:00,00:00
2026-06-28,00:00,03:25,04:39,05:24,22:05,22:51,00:00,00:00
2026-06-27,00:00,03:24,04:38,05:24,22:05,22:51,00:00,00:00
2026-06-26,00:00,03:23,04:38,05:23,22:05,22:51,00:00,00:00
2026-06-25,00:00,03:22,04:37,05:23,22:06,22:51,00:00,00:00
2026-06-24,00:00,03:22,04:37,05:22,22:05,22:51,00:00,00:00
2026-06-23,00:00,03:21,04:36,05:22,22:05,22:51,00:00,00:00
2026-06-22,00:00,03:21,04:36,05:22,22:05,22:51,00:00,00:00
2026-06-21,00:00,03:20,04:36,05:21,22:05,22:51,00:00,00:00
2026-06-20,00:00,03:20,04:35,05:21,22:05,22:51,00:00,00:00
2026-06-19,00:00,03:20,04:35,05:21,22:05,22:50,00:00,00:00
2026-06-18,00:00,03:20,04:35,05:21,22:04,22:50,00:00,00:00
2026-06-17,00:00,03:20,04:35,05:21,22:04,22:49,00:00,00:00
2026-06-16,00:00,03:21,04:35,05:21,22:03,22:49,00:00,00:00
2026-06-15,00:00,03:21,04:35,05:21,22:03,22:48,00:00,00:00
2026-06-14,00:00,03:21,04:36,05:21,22:02,22:48,00:00,00:00
2026-06-13,00:00,03:22,04:36,05:21,22:02,22:47,00:00,00:00
2026-06-12,00:00,03:23,04:36,05:21,22:01,22:46,00:00,00:00
2026-06-11,00:00,03:23,04:37,05:22,22:00,22:46,23:59,00:00
2026-06-10,00:00,03:24,04:37,05:22,22:00,22:45,23:57,00:00
2026-06-09,00:00,03:25,04:37,05:22,21:59,22:44,23:56,00:00
2026-06-08,00:00,03:26,04:38,05:23,21:58,22:43,23:55,00:00
2026-06-07,00:00,03:28,04:39,05:23,21:57,22:42,23:53,00:00
2026-06-06,00:00,03:29,04:39,05:24,21:56,22:41,23:51,00:00
2026-06-05,00:00,03:30,04:40,05:24,21:56,22:40,23:50,00:00
2026-06-04,00:00,03:31,04:41,05:25,21:55,22:39,23:48,00:00
2026-06-03,00:00,03:33,04:42,05:26,21:54,22:37,23:46,00:00
2026-06-02,00:00,03:34,04:43,05:26,21:52,22:36,23:44,00:00
2026-06-01,00:00,03:36,04:44,05:27,21:51,22:35,23:43,00:00
2026-05-31,00:00,03:38,04:45,05:28,21:50,22:34,23:41,00:00
2026-05-30,00:00,03:39,04:46,05:29,21:49,22:32,23:39,00:00
2026-05-29,00:00,03:41,04:47,05:30,21:48,22:31,23:37,00:00
2026-05-28,00:00,03:43,04:48,05:31,21:47,22:29,23:34,00:00
2026-05-27,00:00,03:45,04:49,05:32,21:45,22:28,23:32,00:00
2026-05-26,00:00,03:47,04:50,05:33,21:44,22:26,23:30,00:00
2026-05-25,00:00,03:49,04:52,05:34,21:43,22:25,23:28,00:00
2026-05-24,00:00,03:51,04:53,05:35,21:42,22:23,23:26,00:00
2026-05-23,00:00,03:53,04:55,05:36,21:40,22:22,23:24,00:00
2026-05-22,00:00,03:55,04:56,05:37,21:39,22:20,23:21,00:00
2026-05-21,00:00,03:57,04:58,05:39,21:37,22:18,23:19,00:00
2026-05-20,02:11,03:59,04:59,05:40,21:36,22:17,23:17,00:00
2026-05-19,02:20,04:01,05:01,05:41,21:35,22:15,23:14,00:00
2026-05-18,02:27,04:04,05:02,05:43,21:33,22:13,23:12,00:00
2026-05-17,02:33,04:06,05:04,05:44,21:32,22:12,23:10,00:00
2026-05-16,02:39,04:08,05:06,05:45,21:30,22:10,23:08,00:00
2026-05-15,02:44,04:10,05:07,05:47,21:29,22:08,23:05,00:00
2026-05-14,02:49,04:13,05:09,05:48,21:27,22:07,23:03,00:00
2026-05-13,02:54,04:15,05:11,05:50,21:26,22:05,23:00,00:00
2026-05-12,02:59,04:17,05:13,05:51,21:24,22:03,22:58,00:00
2026-05-11,03:03,04:20,05:14,05:53,21:22,22:01,22:56,00:00
2026-05-10,03:07,04:22,05:16,05:55,21:21,21:59,22:53,00:00
2026-05-09,03:12,04:25,05:18,05:56,21:19,21:58,22:51,00:00
2026-05-08,03:16,04:27,05:20,05:58,21:18,21:56,22:49,00:00
2026-05-07,03:20,04:29,05:22,06:00,21:16,21:54,22:46,23:56
2026-05-06,03:24,04:32,05:24,06:02,21:14,21:52,22:44,23:52
2026-05-05,03:28,04:34,05:26,06:03,21:13,21:50,22:42,23:49
2026-05-04,03:31,04:37,05:28,06:05,21:11,21:48,22:39,23:45
2026-05-03,03:35,04:39,05:30,06:07,21:10,21:46,22:37,23:41
2026-05-02,03:39,04:42,05:32,06:09,21:08,21:45,22:35,23:38
2026-05-01,03:42,04:44,05:34,06:11,21:06,21:43,22:33,23:34
2026-04-30,03:46,04:47,05:36,06:13,21:05,21:41,22:30,23:31
2026-04-29,03:50,04:49,05:38,06:15,21:03,21:39,22:28,23:28
2026-04-28,03:53,04:52,05:41,06:16,21:01,21:37,22:26,23:25
2026-04-27,03:57,04:55,05:43,06:18,21:00,21:35,22:23,23:21
2026-04-26,04:00,04:57,05:45,06:20,20:58,21:34,22:21,23:18
2026-04-25,04:03,05:00,05:47,06:22,20:56,21:32,22:19,23:15
2026-04-24,04:07,05:02,05:49,06:24,20:55,21:30,22:17,23:12
2026-04-23,04:10,05:05,05:51,06:26,20:53,21:28,22:15,23:09
2026-04-22,04:13,05:07,05:54,06:29,20:51,21:26,22:12,23:06
2026-04-21,04:17,05:10,05:56,06:31,20:50,21:24,22:10,23:04
2026-04-20,04:20,05:13,05:58,06:33,20:48,21:22,22:08,23:01
2026-04-19,04:23,05:15,06:00,06:35,20:46,21:21,22:06,22:58
2026-04-18,04:26,05:18,06:03,06:37,20:45,21:19,22:04,22:55
2026-04-17,04:30,05:20,06:05,06:39,20:43,21:17,22:02,22:52
2026-04-16,04:33,05:23,06:07,06:41,20:41,21:15,22:00,22:50
2026-04-15,04:36,05:25,06:10,06:43,20:40,21:13,21:57,22:47
2026-04-14,04:39,05:28,06:12,06:46,20:38,21:11,21:55,22:44
2026-04-13,04:42,05:31,06:14,06:48,20:36,21:10,21:53,22:42
2026-04-12,04:45,05:33,06:16,06:50,20:34,21:08,21:51,22:39
2026-04-11,04:48,05:36,06:19,06:52,20:33,21:06,21:49,22:37
2026-04-10,04:51,05:38,06:21,06:54,20:31,21:04,21:47,22:34
2026-04-09,04:54,05:41,06:23,06:57,20:29,21:02,21:45,22:32
2026-04-08,04:57,05:43,06:26,06:59,20:28,21:01,21:43,22:29
2026-04-07,05:00,05:46,06:28,07:01,20:26,20:59,21:41,22:27
2026-04-06,05:03,05:49,06:30,07:03,20:24,20:57,21:39,22:25
2026-04-05,05:06,05:51,06:33,07:05,20:23,20:55,21:37,22:22
2026-04-04,05:09,05:54,06:35,07:08,20:21,20:54,21:35,22:20
2026-04-03,05:12,05:56,06:38,07:10,20:19,20:52,21:33,22:18
2026-04-02,05:14,05:59,06:40,07:12,20:18,20:50,21:31,22:15
2026-04-01,05:17,06:01,06:42,07:15,20:16,20:48,21:29,22:13
2026-03-31,05:20,06:04,06:45,07:17,20:14,20:46,21:27,22:11
2026-03-30,05:23,06:06,06:47,07:19,20:13,20:45,21:25,22:09
2026-03-29,05:26,06:09,06:49,07:21,20:11,20:43,21:24,22:07
2026-03-28,04:28,05:11,05:52,06:24,19:09,19:41,20:22,21:04
2026-03-27,04:31,05:14,05:54,06:26,19:08,19:39,20:20,21:02
2026-03-26,04:34,05:16,05:56,06:28,19:06,19:38,20:18,21:00
2026-03-25,04:37,05:19,05:59,06:31,19:04,19:36,20:16,20:58
2026-03-24,04:39,05:21,06:01,06:33,19:02,19:34,20:14,20:56
2026-03-23,04:42,05:24,06:03,06:35,19:01,19:33,20:12,20:54
2026-03-22,04:45,05:26,06:06,06:37,18:59,19:31,20:10,20:52
2026-03-21,04:47,05:28,06:08,06:40,18:57,19:29,20:09,20:50
2026-03-20,04:50,05:31,06:10,06:42,18:56,19:27,20:07,20:48
2026-03-19,04:52,05:33,06:13,06:44,18:54,19:26,20:05,20:46
2026-03-18,04:55,05:36,06:15,06:47,18:52,19:24,20:03,20:44
2026-03-17,04:57,05:38,06:17,06:49,18:51,19:22,20:01,20:42
2026-03-16,05:00,05:40,06:20,06:51,18:49,19:20,20:00,20:40
2026-03-15,05:03,05:43,06:22,06:53,18:47,19:19,19:58,20:38
2026-03-14,05:05,05:45,06:24,06:56,18:45,19:17,19:56,20:36
2026-03-13,05:07,05:47,06:26,06:58,18:44,19:15,19:54,20:34
2026-03-12,05:10,05:50,06:29,07:00,18:42,19:14,19:52,20:32
2026-03-11,05:12,05:52,06:31,07:02,18:40,19:12,19:51,20:30
2026-03-10,05:15,05:54,06:33,07:05,18:39,19:10,19:49,20:29
2026-03-09,05:17,05:57,06:35,07:07,18:37,19:08,19:47,20:27
2026-03-08,05:19,05:59,06:38,07:09,18:35,19:07,19:45,20:25
2026-03-07,05:22,06:01,06:40,07:11,18:33,19:05,19:44,20:23
2026-03-06,05:24,06:03,06:42,07:14,18:32,19:03,19:42,20:21
2026-03-05,05:26,06:05,06:44,07:16,18:30,19:02,19:40,20:19
2026-03-04,05:29,06:08,06:46,07:18,18:28,19:00,19:38,20:18
2026-03-03,05:31,06:10,06:48,07:20,18:26,18:58,19:37,20:16
2026-03-02,05:33,06:12,06:51,07:22,18:25,18:56,19:35,20:14
2026-03-01,05:35,06:14,06:53,07:25,18:23,18:55,19:33,20:12
2026-02-28,05:37,06:16,06:55,07:27,18:21,18:53,19:32,20:10
2026-02-27,05:39,06:18,06:57,07:29,18:19,18:51,19:30,20:09
2026-02-26,05:41,06:20,06:59,07:31,18:17,18:49,19:28,20:07
2026-02-25,05:44,06:22,07:01,07:33,18:16,18:48,19:26,20:05
2026-02-24,05:46,06:24,07:03,07:35,18:14,18:46,19:25,20:04
2026-02-23,05:48,06:26,07:05,07:37,18:12,18:44,19:23,20:02
2026-02-22,05:50,06:28,07:07,07:39,18:10,18:43,19:21,20:00
2026-02-21,05:52,06:30,07:09,07:41,18:09,18:41,19:20,19:58
2026-02-20,05:54,06:32,07:11,07:43,18:07,18:39,19:18,19:57
2026-02-19,05:55,06:34,07:13,07:45,18:05,18:37,19:16,19:55
2026-02-18,05:57,06:36,07:15,07:47,18:03,18:36,19:15,19:53
2026-02-17,05:59,06:38,07:17,07:49,18:01,18:34,19:13,19:52
2026-02-16,06:01,06:40,07:19,07:51,17:59,18:32,19:11,19:50
2026-02-15,06:03,06:41,07:21,07:53,17:58,18:30,19:10,19:48
2026-02-14,06:04,06:43,07:22,07:55,17:56,18:29,19:08,19:47
2026-02-13,06:06,06:45,07:24,07:57,17:54,18:27,19:06,19:45
2026-02-12,06:08,06:47,07:26,07:59,17:52,18:25,19:05,19:43
2026-02-11,06:10,06:48,07:28,08:01,17:50,18:24,19:03,19:42
2026-02-10,06:11,06:50,07:29,08:03,17:49,18:22,19:01,19:40
2026-02-09,06:13,06:51,07:31,08:04,17:47,18:20,19:00,19:38
2026-02-08,06:14,06:53,07:33,08:06,17:45,18:18,18:58,19:37
2026-02-07,06:16,06:55,07:34,08:08,17:43,18:17,18:56,19:35
2026-02-06,06:17,06:56,07:36,08:10,17:41,18:15,18:55,19:34
2026-02-05,06:19,06:58,07:37,08:11,17:39,18:13,18:53,19:32
2026-02-04,06:20,06:59,07:39,08:13,17:38,18:12,18:51,19:30
2026-02-03,06:21,07:00,07:41,08:15,17:36,18:10,18:50,19:29
2026-02-02,06:23,07:02,07:42,08:16,17:34,18:08,18:48,19:27
2026-02-01,06:24,07:03,07:43,08:18,17:32,18:06,18:47,19:26
2026-01-31,06:25,07:04,07:45,08:19,17:30,18:05,18:45,19:24
2026-01-30,06:27,07:06,07:46,08:21,17:29,18:03,18:44,19:23
2026-01-29,06:28,07:07,07:48,08:22,17:27,18:01,18:42,19:21
2026-01-28,06:29,07:08,07:49,08:24,17:25,18:00,18:40,19:20
2026-01-27,06:30,07:09,07:50,08:25,17:23,17:58,18:39,19:18
2026-01-26,06:31,07:10,07:51,08:26,17:21,17:57,18:37,19:17
2026-01-25,06:32,07:12,07:52,08:28,17:20,17:55,18:36,19:15
2026-01-24,06:33,07:13,07:54,08:29,17:18,17:53,18:34,19:14
2026-01-23,06:34,07:14,07:55,08:30,17:16,17:52,18:33,19:12
2026-01-22,06:35,07:15,07:56,08:31,17:15,17:50,18:31,19:11
2026-01-21,06:36,07:15,07:57,08:33,17:13,17:49,18:30,19:10
2026-01-20,06:37,07:16,07:58,08:34,17:11,17:47,18:28,19:08
2026-01-19,06:37,07:17,07:59,08:35,17:10,17:46,18:27,19:07
2026-01-18,06:38,07:18,08:00,08:36,17:08,17:44,18:26,19:06
2026-01-17,06:39,07:19,08:00,08:37,17:06,17:43,18:24,19:04
2026-01-16,06:39,07:19,08:01,08:38,17:05,17:41,18:23,19:03
2026-01-15,06:40,07:20,08:02,08:38,17:03,17:40,18:22,19:02
2026-01-14,06:41,07:21,08:03,08:39,17:02,17:38,18:20,19:00
2026-01-13,06:41,07:21,08:03,08:40,17:00,17:37,18:19,18:59
2026-01-12,06:41,07:22,08:04,08:41,16:59,17:35,18:18,18:58
2026-01-11,06:42,07:22,08:04,08:41,16:57,17:34,18:16,18:57
2026-01-10,06:42,07:23,08:05,08:42,16:56,17:33,18:15,18:56
2026-01-09,06:43,07:23,08:05,08:43,16:54,17:32,18:14,18:54
2026-01-08,06:43,07:23,08:06,08:43,16:53,17:30,18:13,18:53
2026-01-07,06:43,07:24,08:06,08:44,16:52,17:29,18:12,18:52
2026-01-06,06:43,07:24,08:07,08:44,16:50,17:28,18:11,18:51
2026-01-05,06:44,07:24,08:07,08:44,16:49,17:27,18:10,18:50
2026-01-04,06:44,07:24,08:07,08:45,16:48,17:26,18:08,18:49
2026-01-03,06:44,07:24,08:07,08:45,16:47,17:25,18:07,18:48
2026-01-02,06:44,07:24,08:07,08:45,16:46,17:24,18:06,18:47
2026-01-01,06:44,07:24,08:07,08:45,16:45,17:23,18:06,18:46
2025-12-31,06:44,07:24,08:07,08:45,16:44,17:22,18:05,18:45
2025-12-30,06:44,07:24,08:07,08:45,16:43,17:21,18:04,18:44
2025-12-29,06:43,07:24,08:07,08:45,16:42,17:20,18:03,18:44
2025-12-28,06:43,07:24,08:07,08:45,16:41,17:19,18:02,18:43
2025-12-27,06:43,07:24,08:07,08:45,16:40,17:18,18:01,18:42
2025-12-26,06:43,07:23,08:07,08:45,16:39,17:17,18:01,18:41
2025-12-25,06:42,07:23,08:06,08:45,16:39,17:17,18:00,18:41
2025-12-24,06:42,07:23,08:06,08:44,16:38,17:16,17:59,18:40
2025-12-23,06:42,07:22,08:06,08:44,16:37,17:15,17:59,18:40
2025-12-22,06:41,07:22,08:05,08:43,16:37,17:15,17:58,18:39
2025-12-21,06:41,07:22,08:05,08:43,16:36,17:14,17:58,18:39
2025-12-20,06:40,07:21,08:04,08:42,16:36,17:14,17:57,18:38
2025-12-19,06:40,07:20,08:04,08:42,16:35,17:13,17:57,18:38
2025-12-18,06:39,07:20,08:03,08:41,16:35,17:13,17:56,18:37
2025-12-17,06:38,07:19,08:02,08:41,16:35,17:13,17:56,18:37
2025-12-16,06:38,07:18,08:02,08:40,16:34,17:13,17:56,18:37
2025-12-15,06:37,07:18,08:01,08:39,16:34,17:12,17:55,18:36
2025-12-14,06:36,07:17,08:00,08:38,16:34,17:12,17:55,18:36
2025-12-13,06:35,07:16,07:59,08:37,16:34,17:12,17:55,18:36
2025-12-12,06:35,07:15,07:58,08:36,16:34,17:12,17:55,18:36
2025-12-11,06:34,07:14,07:58,08:35,16:34,17:12,17:55,18:36
2025-12-10,06:33,07:14,07:57,08:34,16:34,17:12,17:55,18:36
2025-12-09,06:32,07:13,07:56,08:33,16:34,17:12,17:55,18:36
2025-12-08,06:31,07:12,07:55,08:32,16:35,17:12,17:55,18:36
2025-12-07,06:30,07:11,07:53,08:31,16:35,17:12,17:55,18:36
2025-12-06,06:29,07:10,07:52,08:30,16:35,17:13,17:55,18:36
2025-12-05,06:28,07:09,07:51,08:29,16:36,17:13,17:56,18:36
2025-12-04,06:27,07:07,07:50,08:27,16:36,17:13,17:56,18:36
2025-12-03,06:26,07:06,07:49,08:26,16:36,17:14,17:56,18:37
2025-12-02,06:25,07:05,07:48,08:25,16:37,17:14,17:57,18:37
2025-12-01,06:24,07:04,07:46,08:23,16:38,17:15,17:57,18:37
2025-11-30,06:23,07:03,07:45,08:22,16:38,17:15,17:57,18:38
2025-11-29,06:21,07:02,07:44,08:21,16:39,17:16,17:58,18:38
2025-11-28,06:20,07:00,07:42,08:19,16:40,17:16,17:58,18:39
2025-11-27,06:19,06:59,07:41,08:18,16:40,17:17,17:59,18:39
2025-11-26,06:18,06:58,07:40,08:16,16:41,17:18,18:00,18:40
2025-11-25,06:17,06:56,07:38,08:15,16:42,17:19,18:00,18:40
2025-11-24,06:15,06:55,07:37,08:13,16:43,17:19,18:01,18:41
2025-11-23,06:14,06:54,07:35,08:12,16:44,17:20,18:02,18:42
2025-11-22,06:13,06:52,07:34,08:10,16:45,17:21,18:03,18:43
2025-11-21,06:11,06:51,07:32,08:08,16:46,17:22,18:04,18:43
2025-11-20,06:10,06:50,07:31,08:07,16:47,17:23,18:04,18:44
2025-11-19,06:09,06:48,07:29,08:05,16:49,17:24,18:05,18:45
2025-11-18,06:07,06:47,07:28,08:03,16:50,17:25,18:06,18:46
2025-11-17,06:06,06:45,07:26,08:02,16:51,17:26,18:07,18:47
2025-11-16,06:04,06:44,07:25,08:00,16:52,17:28,18:08,18:48
2025-11-15,06:03,06:42,07:23,07:58,16:54,17:29,18:10,18:49
2025-11-14,06:02,06:41,07:22,07:57,16:55,17:30,18:11,18:50
2025-11-13,06:00,06:39,07:20,07:55,16:56,17:31,18:12,18:51
2025-11-12,05:59,06:38,07:18,07:53,16:58,17:33,18:13,18:52
2025-11-11,05:57,06:36,07:17,07:51,16:59,17:34,18:14,18:54
2025-11-10,05:56,06:35,07:15,07:50,17:01,17:35,18:16,18:55
2025-11-09,05:54,06:33,07:14,07:48,17:02,17:37,18:17,18:56
2025-11-08,05:53,06:32,07:12,07:46,17:04,17:38,18:18,18:57
2025-11-07,05:51,06:30,07:10,07:44,17:06,17:40,18:20,18:59
2025-11-06,05:50,06:29,07:09,07:43,17:07,17:41,18:21,19:00
2025-11-05,05:48,06:27,07:07,07:41,17:09,17:43,18:23,19:02
2025-11-04,05:47,06:26,07:05,07:39,17:11,17:44,18:24,19:03
2025-11-03,05:45,06:24,07:04,07:37,17:12,17:46,18:26,19:05
2025-11-02,05:44,06:23,07:02,07:36,17:14,17:48,18:27,19:06
2025-11-01,05:42,06:21,07:01,07:34,17:16,17:49,18:29,19:08
2025-10-31,05:41,06:19,06:59,07:32,17:18,17:51,18:31,19:09
2025-10-30,05:39,06:18,06:57,07:30,17:20,17:53,18:32,19:11
2025-10-29,05:37,06:16,06:56,07:29,17:22,17:55,18:34,19:13
2025-10-28,05:36,06:15,06:54,07:27,17:23,17:56,18:36,19:14
2025-10-27,05:34,06:13,06:52,07:25,17:25,17:58,18:37,19:16
2025-10-26,05:33,06:11,06:51,07:23,17:27,18:00,18:39,19:18
2025-10-25,06:31,07:10,07:49,08:22,18:29,19:02,19:41,20:20
2025-10-24,06:30,07:08,07:47,08:20,18:31,19:04,19:43,20:22
2025-10-23,06:28,07:07,07:46,08:18,18:33,19:06,19:45,20:23
2025-10-22,06:26,07:05,07:44,08:16,18:35,19:08,19:47,20:25
2025-10-21,06:25,07:03,07:42,08:15,18:37,19:10,19:49,20:27
2025-10-20,06:23,07:02,07:41,08:13,18:39,19:12,19:50,20:29
2025-10-19,06:21,07:00,07:39,08:11,18:41,19:14,19:52,20:31
2025-10-18,06:20,06:59,07:37,08:10,18:43,19:16,19:54,20:33
2025-10-17,06:18,06:57,07:36,08:08,18:46,19:18,19:56,20:35
2025-10-16,06:17,06:55,07:34,08:06,18:48,19:20,19:58,20:37
2025-10-15,06:15,06:54,07:32,08:04,18:50,19:22,20:01,20:39
2025-10-14,06:13,06:52,07:31,08:03,18:52,19:24,20:03,20:41
2025-10-13,06:12,06:50,07:29,08:01,18:54,19:26,20:05,20:44
2025-10-12,06:10,06:49,07:27,07:59,18:56,19:28,20:07,20:46
2025-10-11,06:08,06:47,07:26,07:58,18:58,19:30,20:09,20:48
2025-10-10,06:06,06:46,07:24,07:56,19:01,19:32,20:11,20:50
2025-10-09,06:05,06:44,07:23,07:54,19:03,19:35,20:13,20:52
2025-10-08,06:03,06:42,07:21,07:53,19:05,19:37,20:15,20:55
2025-10-07,06:01,06:41,07:19,07:51,19:07,19:39,20:18,20:57
2025-10-06,06:00,06:39,07:18,07:49,19:10,19:41,20:20,20:59
2025-10-05,05:58,06:37,07:16,07:48,19:12,19:43,20:22,21:02
2025-10-04,05:56,06:36,07:14,07:46,19:14,19:46,20:24,21:04
2025-10-03,05:54,06:34,07:13,07:44,19:16,19:48,20:27,21:06
2025-10-02,05:53,06:32,07:11,07:43,19:19,19:50,20:29,21:09
2025-10-01,05:51,06:31,07:09,07:41,19:21,19:52,20:31,21:11
2025-09-30,05:49,06:29,07:08,07:39,19:23,19:55,20:34,21:14
2025-09-29,05:47,06:27,07:06,07:38,19:25,19:57,20:36,21:16
2025-09-28,05:45,06:26,07:05,07:36,19:28,19:59,20:38,21:19
2025-09-27,05:43,06:24,07:03,07:34,19:30,20:02,20:41,21:21
2025-09-26,05:42,06:22,07:01,07:33,19:32,20:04,20:43,21:24
2025-09-25,05:40,06:20,07:00,07:31,19:35,20:06,20:46,21:26
2025-09-24,05:38,06:19,06:58,07:30,19:37,20:09,20:48,21:29
2025-09-23,05:36,06:17,06:56,07:28,19:39,20:11,20:50,21:31
2025-09-22,05:34,06:15,06:55,07:26,19:42,20:13,20:53,21:34
2025-09-21,05:32,06:13,06:53,07:25,19:44,20:16,20:55,21:37
2025-09-20,05:30,06:12,06:51,07:23,19:46,20:18,20:58,21:39
2025-09-19,05:28,06:10,06:50,07:22,19:49,20:20,21:00,21:42
2025-09-18,05:26,06:08,06:48,07:20,19:51,20:23,21:03,21:45
2025-09-17,05:24,06:06,06:46,07:18,19:53,20:25,21:05,21:47
2025-09-16,05:22,06:05,06:45,07:17,19:56,20:27,21:08,21:50
2025-09-15,05:20,06:03,06:43,07:15,19:58,20:30,21:10,21:53
2025-09-14,05:18,06:01,06:42,07:14,20:00,20:32,21:13,21:56
2025-09-13,05:16,05:59,06:40,07:12,20:02,20:35,21:15,21:58
2025-09-12,05:14,05:57,06:38,07:10,20:05,20:37,21:18,22:01
2025-09-11,05:12,05:56,06:37,07:09,20:07,20:39,21:20,22:04
2025-09-10,05:10,05:54,06:35,07:07,20:09,20:42,21:23,22:07
2025-09-09,05:08,05:52,06:33,07:06,20:12,20:44,21:25,22:10
2025-09-08,05:05,05:50,06:31,07:04,20:14,20:46,21:28,22:12
2025-09-07,05:03,05:48,06:30,07:02,20:16,20:49,21:30,22:15
2025-09-06,05:01,05:46,06:28,07:01,20:19,20:51,21:33,22:18
2025-09-05,04:59,05:44,06:26,06:59,20:21,20:54,21:36,22:21
2025-09-04,04:56,05:43,06:25,06:58,20:23,20:56,21:38,22:24
2025-09-03,04:54,05:41,06:23,06:56,20:25,20:58,21:41,22:27
2025-09-02,04:52,05:39,06:21,06:54,20:28,21:01,21:43,22:30
2025-09-01,04:49,05:37,06:20,06:53,20:30,21:03,21:46,22:33
2025-08-31,04:47,05:35,06:18,06:51,20:32,21:05,21:48,22:36
2025-08-30,04:45,05:33,06:16,06:50,20:34,21:08,21:51,22:39
2025-08-29,04:42,05:31,06:14,06:48,20:37,21:10,21:54,22:42
2025-08-28,04:40,05:29,06:13,06:46,20:39,21:12,21:56,22:45
2025-08-27,04:37,05:27,06:11,06:45,20:41,21:15,21:59,22:48
2025-08-26,04:35,05:25,06:09,06:43,20:43,21:17,22:01,22:52
2025-08-25,04:32,05:23,06:07,06:42,20:45,21:19,22:04,22:55
2025-08-24,04:29,05:21,06:06,06:40,20:47,21:22,22:07,22:58
2025-08-23,04:27,05:19,06:04,06:38,20:50,21:24,22:09,23:01
2025-08-22,04:24,05:17,06:02,06:37,20:52,21:26,22:12,23:04
2025-08-21,04:21,05:15,06:00,06:35,20:54,21:28,22:14,23:08
2025-08-20,04:19,05:12,05:59,06:34,20:56,21:31,22:17,23:11
2025-08-19,04:16,05:10,05:57,06:32,20:58,21:33,22:20,23:14
2025-08-18,04:13,05:08,05:55,06:30,21:00,21:35,22:22,23:18
2025-08-17,04:10,05:06,05:53,06:29,21:02,21:37,22:25,23:21
2025-08-16,04:07,05:04,05:52,06:27,21:04,21:40,22:27,23:24
2025-08-15,04:04,05:02,05:50,06:26,21:06,21:42,22:30,23:28
2025-08-14,04:01,05:00,05:48,06:24,21:08,21:44,22:32,23:31
2025-08-13,03:58,04:57,05:46,06:22,21:10,21:46,22:35,23:35
2025-08-12,03:55,04:55,05:44,06:21,21:12,21:48,22:38,23:38
2025-08-11,03:51,04:53,05:43,06:19,21:14,21:50,22:40,23:42
2025-08-10,03:48,04:51,05:41,06:18,21:16,21:53,22:43,23:45
2025-08-09,03:45,04:49,05:39,06:16,21:18,21:55,22:45,23:49
2025-08-08,03:41,04:46,05:37,06:14,21:20,21:57,22:48,23:53
2025-08-07,03:38,04:44,05:36,06:13,21:21,21:59,22:50,23:57
2025-08-06,03:34,04:42,05:34,06:11,21:23,22:01,22:53,00:00
2025-08-05,03:30,04:40,05:32,06:10,21:25,22:03,22:55,00:00
2025-08-04,03:26,04:37,05:30,06:08,21:27,22:05,22:58,00:00
2025-08-03,03:23,04:35,05:28,06:07,21:29,22:07,23:00,00:00
2025-08-02,03:19,04:33,05:27,06:05,21:30,22:09,23:03,00:00
2025-08-01,03:14,04:30,05:25,06:04,21:32,22:11,23:05,00:00
2025-07-31,03:10,04:28,05:23,06:02,21:34,22:12,23:07,00:00
2025-07-30,03:06,04:26,05:21,06:01,21:35,22:14,23:10,00:00
2025-07-29,03:01,04:24,05:20,05:59,21:37,22:16,23:12,00:00
2025-07-28,02:56,04:21,05:18,05:58,21:38,22:18,23:15,00:00
2025-07-27,02:51,04:19,05:16,05:56,21:40,22:20,23:17,00:00
2025-07-26,02:45,04:17,05:15,05:55,21:41,22:21,23:19,00:00
2025-07-25,02:39,04:14,05:13,05:53,21:43,22:23,23:21,00:00
2025-07-24,02:32,04:12,05:11,05:52,21:44,22:25,23:24,00:00
2025-07-23,02:25,04:10,05:10,05:50,21:45,22:26,23:26,00:00
2025-07-22,02:15,04:08,05:08,05:49,21:47,22:28,23:28,00:00
2025-07-21,00:00,04:05,05:06,05:48,21:48,22:29,23:30,00:00
2025-07-20,00:00,04:03,05:05,05:46,21:49,22:31,23:32,00:00
2025-07-19,00:00,04:01,05:03,05:45,21:51,22:32,23:34,00:00
2025-07-18,00:00,03:59,05:02,05:44,21:52,22:34,23:36,00:00
2025-07-17,00:00,03:57,05:00,05:42,21:53,22:35,23:38,00:00
2025-07-16,00:00,03:55,04:59,05:41,21:54,22:36,23:40,00:00
2025-07-15,00:00,03:53,04:57,05:40,21:55,22:38,23:42,00:00
2025-07-14,00:00,03:50,04:56,05:39,21:56,22:39,23:44,00:00
2025-07-13,00:00,03:48,04:55,05:38,21:57,22:40,23:46,00:00
2025-07-12,00:00,03:46,04:53,05:36,21:58,22:41,23:48,00:00
2025-07-11,00:00,03:45,04:52,05:35,21:59,22:42,23:49,00:00
2025-07-10,00:00,03:43,04:51,05:34,21:59,22:43,23:51,00:00
2025-07-09,00:00,03:41,04:49,05:33,22:00,22:44,23:53,00:00
2025-07-08,00:00,03:39,04:48,05:32,22:01,22:45,23:54,00:00
2025-07-07,00:00,03:37,04:47,05:31,22:02,22:46,23:56,00:00
2025-07-06,00:00,03:36,04:46,05:30,22:02,22:47,23:57,00:00
2025-07-05,00:00,03:34,04:45,05:29,22:03,22:47,23:58,00:00
2025-07-04,00:00,03:32,04:44,05:29,22:03,22:48,23:59,00:00
2025-07-03,00:00,03:31,04:43,05:28,22:04,22:49,00:00,00:00
2025-07-02,00:00,03:30,04:42,05:27,22:04,22:49,00:00,00:00
2025-07-01,00:00,03:28,04:41,05:26,22:04,22:50,00:00,00:00
2025-06-30,00:00,03:27,04:40,05:25,22:05,22:50,00:00,00:00
2025-06-29,00:00,03:26,04:40,05:25,22:05,22:50,00:00,00:00
2025-06-28,00:00,03:25,04:39,05:24,22:05,22:51,00:00,00:00
2025-06-27,00:00,03:24,04:38,05:24,22:05,22:51,00:00,00:00
2025-06-26,00:00,03:23,04:38,05:23,22:05,22:51,00:00,00:00
2025-06-25,00:00,03:22,04:37,05:23,22:06,22:51,00:00,00:00
2025-06-24,00:00,03:22,04:37,05:22,22:05,22:51,00:00,00:00
2025-06-23,00:00,03:21,04:36,05:22,22:05,22:51,00:00,00:00
2025-06-22,00:00,03:21,04:36,05:22,22:05,22:51,00:00,00:00
2025-06-21,00:00,03:20,04:36,05:21,22:05,22:51,00:00,00:00
2025-06-20,00:00,03:20,04:35,05:21,22:05,22:51,00:00,00:00
2025-06-19,00:00,03:20,04:35,05:21,22:05,22:50,00:00,00:00
2025-06-18,00:00,03:20,04:35,05:21,22:04,22:50,00:00,00:00
2025-06-17,00:00,03:20,04:35,05:21,22:04,22:50,00:00,00:00
2025-06-16,00:00,03:21,04:35,05:21,22:04,22:49,00:00,00:00
2025-06-15,00:00,03:21,04:35,05:21,22:03,22:49,00:00,00:00
2025-06-14,00:00,03:21,04:36,05:21,22:03,22:48,00:00,00:00
2025-06-13,00:00,03:22,04:36,05:21,22:02,22:47,00:00,00:00
2025-06-12,00:00,03:23,04:36,05:21,22:01,22:47,00:00,00:00
2025-06-11,00:00,03:23,04:36,05:22,22:01,22:46,23:59,00:00
2025-06-10,00:00,03:24,04:37,05:22,22:00,22:45,23:58,00:00
2025-06-09,00:00,03:25,04:37,05:22,21:59,22:44,23:56,00:00
2025-06-08,00:00,03:26,04:38,05:23,21:58,22:43,23:55,00:00
2025-06-07,00:00,03:27,04:39,05:23,21:58,22:42,23:53,00:00
2025-06-06,00:00,03:28,04:39,05:24,21:57,22:41,23:52,00:00
2025-06-05,00:00,03:30,04:40,05:24,21:56,22:40,23:50,00:00
2025-06-04,00:00,03:31,04:41,05:25,21:55,22:39,23:48,00:00
2025-06-03,00:00,03:33,04:42,05:25,21:54,22:38,23:47,00:00
2025-06-02,00:00,03:34,04:42,05:26,21:53,22:36,23:45,00:00
2025-06-01,00:00,03:36,04:43,05:27,21:52,22:35,23:43,00:00
2025-05-31,00:00,03:37,04:44,05:28,21:51,22:34,23:41,00:00
2025-05-30,00:00,03:39,04:45,05:29,21:49,22:33,23:39,00:00
2025-05-29,00:00,03:41,04:47,05:29,21:48,22:31,23:37,00:00
2025-05-28,00:00,03:42,04:48,05:30,21:47,22:30,23:35,00:00
2025-05-27,00:00,03:44,04:49,05:31,21:46,22:28,23:33,00:00
2025-05-26,00:00,03:46,04:50,05:32,21:45,22:27,23:31,00:00
2025-05-25,00:00,03:48,04:51,05:34,21:43,22:25,23:29,00:00
2025-05-24,00:00,03:50,04:53,05:35,21:42,22:24,23:26,00:00
2025-05-23,00:00,03:52,04:54,05:36,21:41,22:22,23:24,00:00
2025-05-22,00:00,03:54,04:56,05:37,21:39,22:21,23:22,00:00
2025-05-21,00:00,03:56,04:57,05:38,21:38,22:19,23:20,00:00
2025-05-20,02:09,03:59,04:59,05:40,21:36,22:17,23:17,00:00
2025-05-19,02:18,04:01,05:00,05:41,21:35,22:16,23:15,00:00
2025-05-18,02:25,04:03,05:02,05:42,21:33,22:14,23:13,00:00
2025-05-17,02:31,04:05,05:03,05:44,21:32,22:12,23:10,00:00
2025-05-16,02:37,04:07,05:05,05:45,21:31,22:10,23:08,00:00
2025-05-15,02:43,04:10,05:07,05:46,21:29,22:09,23:06,00:00
2025-05-14,02:48,04:12,05:09,05:48,21:27,22:07,23:03,00:00
2025-05-13,02:53,04:14,05:10,05:50,21:26,22:05,23:01,00:00
2025-05-12,02:57,04:17,05:12,05:51,21:24,22:03,22:59,00:00
2025-05-11,03:02,04:19,05:14,05:53,21:23,22:02,22:56,00:00
2025-05-10,03:06,04:22,05:16,05:54,21:21,22:00,22:54,00:00
2025-05-09,03:11,04:24,05:18,05:56,21:20,21:58,22:52,00:00
2025-05-08,03:15,04:26,05:20,05:58,21:18,21:56,22:49,00:00
2025-05-07,03:19,04:29,05:22,05:59,21:16,21:54,22:47,23:57
2025-05-06,03:23,04:31,05:24,06:01,21:15,21:52,22:45,23:53
2025-05-05,03:27,04:34,05:26,06:03,21:13,21:51,22:42,23:49
2025-05-04,03:31,04:36,05:28,06:05,21:12,21:49,22:40,23:46
2025-05-03,03:34,04:39,05:30,06:07,21:10,21:47,22:38,23:42
2025-05-02,03:38,04:41,05:32,06:08,21:08,21:45,22:35,23:39
2025-05-01,03:42,04:44,05:34,06:10,21:07,21:43,22:33,23:35
2025-04-30,03:45,04:46,05:36,06:12,21:05,21:41,22:31,23:32
2025-04-29,03:49,04:49,05:38,06:14,21:03,21:40,22:29,23:29
2025-04-28,03:52,04:51,05:40,06:16,21:02,21:38,22:26,23:25
2025-04-27,03:56,04:54,05:42,06:18,21:00,21:36,22:24,23:22
2025-04-26,03:59,04:57,05:44,06:20,20:58,21:34,22:22,23:19
2025-04-25,04:03,04:59,05:47,06:22,20:57,21:32,22:20,23:16
2025-04-24,04:06,05:02,05:49,06:24,20:55,21:30,22:17,23:13
2025-04-23,04:09,05:04,05:51,06:26,20:53,21:28,22:15,23:10
2025-04-22,04:13,05:07,05:53,06:28,20:52,21:27,22:13,23:07
2025-04-21,04:16,05:09,05:55,06:30,20:50,21:25,22:11,23:04
2025-04-20,04:19,05:12,05:58,06:32,20:48,21:23,22:09,23:01
2025-04-19,04:22,05:15,06:00,06:34,20:47,21:21,22:06,22:59
2025-04-18,04:26,05:17,06:02,06:36,20:45,21:19,22:04,22:56
2025-04-17,04:29,05:20,06:04,06:39,20:43,21:17,22:02,22:53
2025-04-16,04:32,05:22,06:07,06:41,20:42,21:16,22:00,22:50
2025-04-15,04:35,05:25,06:09,06:43,20:40,21:14,21:58,22:48
2025-04-14,04:38,05:27,06:11,06:45,20:38,21:12,21:56,22:45
2025-04-13,04:41,05:30,06:14,06:47,20:37,21:10,21:54,22:42
2025-04-12,04:44,05:33,06:16,06:49,20:35,21:08,21:52,22:40
2025-04-11,04:47,05:35,06:18,06:52,20:33,21:06,21:50,22:37
2025-04-10,04:50,05:38,06:21,06:54,20:32,21:05,21:48,22:35
2025-04-09,04:53,05:40,06:23,06:56,20:30,21:03,21:46,22:32
2025-04-08,04:56,05:43,06:25,06:58,20:28,21:01,21:44,22:30
2025-04-07,04:59,05:45,06:28,07:00,20:26,20:59,21:42,22:28
2025-04-06,05:02,05:48,06:30,07:03,20:25,20:58,21:40,22:25
2025-04-05,05:05,05:50,06:32,07:05,20:23,20:56,21:38,22:23
2025-04-04,05:08,05:53,06:35,07:07,20:21,20:54,21:36,22:21
2025-04-03,05:11,05:56,06:37,07:09,20:20,20:52,21:34,22:18
2025-04-02,05:14,05:58,06:39,07:12,20:18,20:50,21:32,22:16
2025-04-01,05:17,06:01,06:42,07:14,20:16,20:49,21:30,22:14
2025-03-31,05:19,06:03,06:44,07:16,20:15,20:47,21:28,22:12
2025-03-30,04:22,06:06,06:46,07:19,20:13,20:45,21:26,22:09
2025-03-29,04:25,05:08,05:49,06:21,19:11,19:43,20:24,21:07
2025-03-28,04:28,05:11,05:51,06:23,19:10,19:42,20:22,21:05
2025-03-27,04:31,05:13,05:53,06:25,19:08,19:40,20:20,21:03
2025-03-26,04:33,05:16,05:56,06:28,19:06,19:38,20:18,21:01
2025-03-25,04:36,05:18,05:58,06:30,19:05,19:36,20:16,20:59
2025-03-24,04:39,05:21,06:00,06:32,19:03,19:35,20:15,20:57
2025-03-23,04:41,05:23,06:03,06:35,19:01,19:33,20:13,20:54
2025-03-22,04:44,05:25,06:05,06:37,19:00,19:31,20:11,20:52
2025-03-21,04:47,05:28,06:07,06:39,18:58,19:29,20:09,20:50
2025-03-20,04:49,05:30,06:10,06:41,18:56,19:28,20:07,20:48
2025-03-19,04:52,05:33,06:12,06:44,18:54,19:26,20:05,20:46
2025-03-18,04:54,05:35,06:14,06:46,18:53,19:24,20:04,20:44
2025-03-17,04:57,05:37,06:17,06:48,18:51,19:23,20:02,20:42
2025-03-16,04:59,05:40,06:19,06:51,18:49,19:21,20:00,20:40
2025-03-15,05:02,05:42,06:21,06:53,18:48,19:19,19:58,20:39
2025-03-14,05:04,05:45,06:24,06:55,18:46,19:17,19:56,20:37
2025-03-13,05:07,05:47,06:26,06:57,18:44,19:16,19:55,20:35
2025-03-12,05:09,05:49,06:28,07:00,18:42,19:14,19:53,20:33
2025-03-11,05:12,05:52,06:30,07:02,18:41,19:12,19:51,20:31
2025-03-10,05:14,05:54,06:33,07:04,18:39,19:11,19:49,20:29
2025-03-09,05:16,05:56,06:35,07:06,18:37,19:09,19:48,20:27
2025-03-08,05:19,05:58,06:37,07:09,18:36,19:07,19:46,20:25
2025-03-07,05:21,06:01,06:39,07:11,18:34,19:05,19:44,20:24
2025-03-06,05:23,06:03,06:41,07:13,18:32,19:04,19:42,20:22
2025-03-05,05:26,06:05,06:44,07:15,18:30,19:02,19:41,20:20
2025-03-04,05:28,06:07,06:46,07:18,18:29,19:00,19:39,20:18
2025-03-03,05:30,06:09,06:48,07:20,18:27,18:59,19:37,20:16
2025-03-02,05:32,06:11,06:50,07:22,18:25,18:57,19:35,20:14
2025-03-01,05:35,06:14,06:52,07:24,18:23,18:55,19:34,20:13
2025-02-28,05:37,06:16,06:54,07:26,18:21,18:53,19:32,20:11
2025-02-27,05:39,06:18,06:56,07:28,18:20,18:52,19:30,20:09
2025-02-26,05:41,06:20,06:59,07:30,18:18,18:50,19:29,20:07
2025-02-25,05:43,06:22,07:01,07:33,18:16,18:48,19:27,20:06
2025-02-24,05:45,06:24,07:03,07:35,18:14,18:46,19:25,20:04
2025-02-23,05:47,06:26,07:05,07:37,18:13,18:45,19:23,20:02
2025-02-22,05:49,06:28,07:07,07:39,18:11,18:43,19:22,20:00
2025-02-21,05:51,06:30,07:09,07:41,18:09,18:41,19:20,19:59
2025-02-20,05:53,06:32,07:11,07:43,18:07,18:40,19:18,19:57
2025-02-19,05:55,06:34,07:13,07:45,18:05,18:38,19:17,19:55
2025-02-18,05:57,06:35,07:14,07:47,18:04,18:36,19:15,19:54
2025-02-17,05:59,06:37,07:16,07:49,18:02,18:34,19:13,19:52
2025-02-16,06:00,06:39,07:18,07:51,18:00,18:33,19:12,19:50
2025-02-15,06:02,06:41,07:20,07:53,17:58,18:31,19:10,19:49
2025-02-14,06:04,06:43,07:22,07:55,17:56,18:29,19:08,19:47
2025-02-13,06:06,06:44,07:24,07:57,17:54,18:27,19:07,19:45
2025-02-12,06:07,06:46,07:25,07:59,17:53,18:26,19:05,19:44
2025-02-11,06:09,06:48,07:27,08:00,17:51,18:24,19:03,19:42
2025-02-10,06:11,06:49,07:29,08:02,17:49,18:22,19:02,19:40
2025-02-09,06:12,06:51,07:31,08:04,17:47,18:20,19:00,19:39
2025-02-08,06:14,06:53,07:32,08:06,17:45,18:19,18:58,19:37
2025-02-07,06:15,06:54,07:34,08:08,17:43,18:17,18:57,19:36
2025-02-06,06:17,06:56,07:36,08:09,17:42,18:15,18:55,19:34
2025-02-05,06:18,06:57,07:37,08:11,17:40,18:14,18:53,19:32
2025-02-04,06:20,06:59,07:39,08:13,17:38,18:12,18:52,19:31
2025-02-03,06:21,07:00,07:40,08:14,17:36,18:10,18:50,19:29
2025-02-02,06:22,07:02,07:42,08:16,17:34,18:09,18:49,19:28
2025-02-01,06:24,07:03,07:43,08:17,17:33,18:07,18:47,19:26
2025-01-31,06:25,07:04,07:45,08:19,17:31,18:05,18:45,19:25
2025-01-30,06:26,07:05,07:46,08:20,17:29,18:03,18:44,19:23
2025-01-29,06:27,07:07,07:47,08:22,17:27,18:02,18:42,19:22
2025-01-28,06:29,07:08,07:49,08:23,17:25,18:00,18:41,19:20
2025-01-27,06:30,07:09,07:50,08:25,17:24,17:59,18:39,19:19
2025-01-26,06:31,07:10,07:51,08:26,17:22,17:57,18:38,19:17
2025-01-25,06:32,07:11,07:52,08:27,17:20,17:55,18:36,19:16
2025-01-24,06:33,07:12,07:53,08:29,17:18,17:54,18:35,19:14
2025-01-23,06:34,07:13,07:54,08:30,17:17,17:52,18:33,19:13
2025-01-22,06:35,07:14,07:56,08:31,17:15,17:51,18:32,19:11
2025-01-21,06:36,07:15,07:57,08:32,17:13,17:49,18:30,19:10
2025-01-20,06:36,07:16,07:58,08:33,17:12,17:47,18:29,19:09
2025-01-19,06:37,07:17,07:58,08:34,17:10,17:46,18:27,19:07
2025-01-18,06:38,07:18,07:59,08:35,17:08,17:44,18:26,19:06
2025-01-17,06:39,07:18,08:00,08:36,17:07,17:43,18:25,19:05
2025-01-16,06:39,07:19,08:01,08:37,17:05,17:41,18:23,19:03
2025-01-15,06:40,07:20,08:02,08:38,17:04,17:40,18:22,19:02
2025-01-14,06:40,07:20,08:02,08:39,17:02,17:39,18:21,19:01
2025-01-13,06:41,07:21,08:03,08:40,17:00,17:37,18:19,18:59
2025-01-12,06:41,07:22,08:04,08:41,16:59,17:36,18:18,18:58
2025-01-11,06:42,07:22,08:04,08:41,16:58,17:34,18:17,18:57
2025-01-10,06:42,07:23,08:05,08:42,16:56,17:33,18:15,18:56
2025-01-09,06:43,07:23,08:05,08:42,16:55,17:32,18:14,18:55
2025-01-08,06:43,07:23,08:06,08:43,16:53,17:31,18:13,18:54
2025-01-07,06:43,07:24,08:06,08:43,16:52,17:29,18:12,18:52
2025-01-06,06:43,07:24,08:06,08:44,16:51,17:28,18:11,18:51
2025-01-05,06:43,07:24,08:07,08:44,16:50,17:27,18:10,18:50
2025-01-04,06:44,07:24,08:07,08:45,16:48,17:26,18:09,18:49
2025-01-03,06:44,07:24,08:07,08:45,16:47,17:25,18:08,18:48
2025-01-02,06:44,07:24,08:07,08:45,16:46,17:24,18:07,18:47
2025-01-01,06:44,07:24,08:07,08:45,16:45,17:23,18:06,18:46
2024-12-31,06:44,07:24,08:07,08:45,16:44,17:22,18:05,18:46
2024-12-30,06:44,07:24,08:07,08:45,16:43,17:21,18:04,18:45
2024-12-29,06:43,07:24,08:07,08:45,16:42,17:20,18:03,18:44
2024-12-28,06:43,07:24,08:07,08:45,16:41,17:19,18:02,18:43
2024-12-27,06:43,07:24,08:07,08:45,16:40,17:18,18:02,18:42
2024-12-26,06:43,07:24,08:07,08:45,16:39,17:18,18:01,18:42
2024-12-25,06:42,07:23,08:06,08:45,16:39,17:17,18:00,18:41
2024-12-24,06:42,07:23,08:06,08:44,16:38,17:16,17:59,18:40
2024-12-23,06:42,07:23,08:06,08:44,16:37,17:16,17:59,18:40
2024-12-22,06:41,07:22,08:05,08:44,16:37,17:15,17:58,18:39
2024-12-21,06:41,07:22,08:05,08:43,16:36,17:14,17:58,18:39
2024-12-20,06:40,07:21,08:04,08:43,16:36,17:14,17:57,18:38
2024-12-19,06:40,07:21,08:04,08:42,16:35,17:14,17:57,18:38
2024-12-18,06:39,07:20,08:03,08:41,16:35,17:13,17:56,18:37
2024-12-17,06:38,07:19,08:03,08:41,16:35,17:13,17:56,18:37
2024-12-16,06:38,07:19,08:02,08:40,16:34,17:13,17:56,18:37
2024-12-15,06:37,07:18,08:01,08:39,16:34,17:12,17:56,18:36
2024-12-14,06:36,07:17,08:00,08:38,16:34,17:12,17:55,18:36
2024-12-13,06:36,07:16,08:00,08:38,16:34,17:12,17:55,18:36
2024-12-12,06:35,07:16,07:59,08:37,16:34,17:12,17:55,18:36
2024-12-11,06:34,07:15,07:58,08:36,16:34,17:12,17:55,18:36
2024-12-10,06:33,07:14,07:57,08:35,16:34,17:12,17:55,18:36
2024-12-09,06:32,07:13,07:56,08:34,16:34,17:12,17:55,18:36
2024-12-08,06:31,07:12,07:55,08:32,16:34,17:12,17:55,18:36
2024-12-07,06:30,07:11,07:54,08:31,16:35,17:12,17:55,18:36
2024-12-06,06:29,07:10,07:53,08:30,16:35,17:13,17:55,18:36
2024-12-05,06:28,07:09,07:52,08:29,16:35,17:13,17:56,18:36
2024-12-04,06:27,07:08,07:50,08:28,16:36,17:13,17:56,18:36
2024-12-03,06:26,07:07,07:49,08:26,16:36,17:14,17:56,18:37
2024-12-02,06:25,07:05,07:48,08:25,16:37,17:14,17:56,18:37
2024-12-01,06:24,07:04,07:47,08:24,16:37,17:14,17:57,18:37
2024-11-30,06:23,07:03,07:45,08:22,16:38,17:15,17:57,18:38
2024-11-29,06:22,07:02,07:44,08:21,16:39,17:16,17:58,18:38
2024-11-28,06:20,07:01,07:43,08:20,16:39,17:16,17:58,18:38
2024-11-27,06:19,06:59,07:41,08:18,16:40,17:17,17:59,18:39
2024-11-26,06:18,06:58,07:40,08:17,16:41,17:18,18:00,18:40
2024-11-25,06:17,06:57,07:39,08:15,16:42,17:18,18:00,18:40
2024-11-24,06:16,06:55,07:37,08:13,16:43,17:19,18:01,18:41
2024-11-23,06:14,06:54,07:36,08:12,16:44,17:20,18:02,18:42
2024-11-22,06:13,06:53,07:34,08:10,16:45,17:21,18:02,18:42
2024-11-21,06:12,06:51,07:33,08:09,16:46,17:22,18:03,18:43
2024-11-20,06:10,06:50,07:31,08:07,16:47,17:23,18:04,18:44
2024-11-19,06:09,06:49,07:30,08:05,16:48,17:24,18:05,18:45
2024-11-18,06:08,06:47,07:28,08:04,16:49,17:25,18:06,18:46
2024-11-17,06:06,06:46,07:27,08:02,16:51,17:26,18:07,18:47
2024-11-16,06:05,06:44,07:25,08:00,16:52,17:27,18:08,18:48
2024-11-15,06:03,06:43,07:24,07:59,16:53,17:28,18:09,18:49
2024-11-14,06:02,06:41,07:22,07:57,16:55,17:30,18:10,18:50
2024-11-13,06:01,06:40,07:20,07:55,16:56,17:31,18:12,18:51
2024-11-12,05:59,06:38,07:19,07:54,16:58,17:32,18:13,18:52
2024-11-11,05:58,06:37,07:17,07:52,16:59,17:34,18:14,18:53
2024-11-10,05:56,06:35,07:16,07:50,17:01,17:35,18:15,18:55
2024-11-09,05:55,06:34,07:14,07:48,17:02,17:36,18:17,18:56
2024-11-08,05:53,06:32,07:12,07:47,17:04,17:38,18:18,18:57
2024-11-07,05:52,06:31,07:11,07:45,17:05,17:39,18:19,18:58
2024-11-06,05:50,06:29,07:09,07:43,17:07,17:41,18:21,19:00
2024-11-05,05:49,06:28,07:08,07:41,17:09,17:42,18:22,19:01
2024-11-04,05:47,06:26,07:06,07:40,17:10,17:44,18:24,19:03
2024-11-03,05:46,06:24,07:04,07:38,17:12,17:46,18:25,19:04
2024-11-02,05:44,06:23,07:03,07:36,17:14,17:47,18:27,19:06
2024-11-01,05:43,06:21,07:01,07:34,17:16,17:49,18:29,19:07
2024-10-31,05:41,06:20,06:59,07:33,17:17,17:51,18:30,19:09
2024-10-30,05:39,06:18,06:58,07:31,17:19,17:52,18:32,19:11
2024-10-29,05:38,06:17,06:56,07:29,17:21,17:54,18:34,19:12
2024-10-28,05:36,06:15,06:54,07:27,17:23,17:56,18:35,19:14
2024-10-27,05:35,06:13,06:53,07:26,17:25,17:58,18:37,19:16
2024-10-26,06:33,07:12,07:51,08:24,18:27,19:00,19:39,20:17
2024-10-25,06:32,07:10,07:49,08:22,18:29,19:01,19:41,20:19
2024-10-24,06:30,07:09,07:48,08:20,18:31,19:03,19:42,20:21
2024-10-23,06:28,07:07,07:46,08:19,18:33,19:05,19:44,20:23
2024-10-22,06:27,07:05,07:44,08:17,18:35,19:07,19:46,20:25
2024-10-21,06:25,07:04,07:43,08:15,18:37,19:09,19:48,20:27
2024-10-20,06:24,07:02,07:41,08:13,18:39,19:11,19:50,20:29
2024-10-19,06:22,07:01,07:39,08:12,18:41,19:13,19:52,20:31
2024-10-18,06:20,06:59,07:38,08:10,18:43,19:15,19:54,20:33
2024-10-17,06:19,06:57,07:36,08:08,18:45,19:17,19:56,20:35
2024-10-16,06:17,06:56,07:34,08:07,18:47,19:19,19:58,20:37
2024-10-15,06:15,06:54,07:33,08:05,18:49,19:21,20:00,20:39
2024-10-14,06:14,06:52,07:31,08:03,18:51,19:23,20:02,20:41
2024-10-13,06:12,06:51,07:29,08:01,18:54,19:26,20:04,20:43
2024-10-12,06:10,06:49,07:28,08:00,18:56,19:28,20:06,20:45
2024-10-11,06:09,06:48,07:26,07:58,18:58,19:30,20:08,20:47
2024-10-10,06:07,06:46,07:25,07:56,19:00,19:32,20:11,20:50
2024-10-09,06:05,06:44,07:23,07:55,19:02,19:34,20:13,20:52
2024-10-08,06:03,06:43,07:21,07:53,19:05,19:36,20:15,20:54
2024-10-07,06:02,06:41,07:20,07:51,19:07,19:38,20:17,20:56
2024-10-06,06:00,06:39,07:18,07:50,19:09,19:41,20:19,20:59
2024-10-05,05:58,06:38,07:16,07:48,19:11,19:43,20:22,21:01
2024-10-04,05:57,06:36,07:15,07:46,19:14,19:45,20:24,21:03
2024-10-03,05:55,06:34,07:13,07:45,19:16,19:47,20:26,21:06
2024-10-02,05:53,06:33,07:11,07:43,19:18,19:50,20:28,21:08
2024-10-01,05:51,06:31,07:10,07:41,19:20,19:52,20:31,21:11
2024-09-30,05:49,06:29,07:08,07:40,19:23,19:54,20:33,21:13
2024-09-29,05:48,06:28,07:07,07:38,19:25,19:56,20:35,21:15
2024-09-28,05:46,06:26,07:05,07:37,19:27,19:59,20:38,21:18
2024-09-27,05:44,06:24,07:03,07:35,19:30,20:01,20:40,21:20
2024-09-26,05:42,06:23,07:02,07:33,19:32,20:03,20:43,21:23
2024-09-25,05:40,06:21,07:00,07:32,19:34,20:06,20:45,21:26
2024-09-24,05:38,06:19,06:58,07:30,19:36,20:08,20:47,21:28
2024-09-23,05:36,06:17,06:57,07:28,19:39,20:10,20:50,21:31
2024-09-22,05:35,06:16,06:55,07:27,19:41,20:13,20:52,21:33
2024-09-21,05:33,06:14,06:53,07:25,19:43,20:15,20:55,21:36
2024-09-20,05:31,06:12,06:52,07:24,19:46,20:17,20:57,21:39
2024-09-19,05:29,06:10,06:50,07:22,19:48,20:20,21:00,21:41
2024-09-18,05:27,06:09,06:49,07:20,19:50,20:22,21:02,21:44
2024-09-17,05:25,06:07,06:47,07:19,19:53,20:25,21:05,21:47
2024-09-16,05:23,06:05,06:45,07:17,19:55,20:27,21:07,21:49
2024-09-15,05:21,06:03,06:44,07:16,19:57,20:29,21:10,21:52
2024-09-14,05:19,06:02,06:42,07:14,20:00,20:32,21:12,21:55
2024-09-13,05:17,06:00,06:40,07:12,20:02,20:34,21:15,21:58
2024-09-12,05:15,05:58,06:39,07:11,20:04,20:36,21:17,22:00
2024-09-11,05:12,05:56,06:37,07:09,20:07,20:39,21:20,22:03
2024-09-10,05:10,05:54,06:35,07:08,20:09,20:41,21:22,22:06
2024-09-09,05:08,05:52,06:34,07:06,20:11,20:44,21:25,22:09
2024-09-08,05:06,05:51,06:32,07:04,20:13,20:46,21:27,22:12
2024-09-07,05:04,05:49,06:30,07:03,20:16,20:48,21:30,22:15
2024-09-06,05:02,05:47,06:29,07:01,20:18,20:51,21:32,22:18
2024-09-05,04:59,05:45,06:27,07:00,20:20,20:53,21:35,22:21
2024-09-04,04:57,05:43,06:25,06:58,20:23,20:55,21:37,22:23
2024-09-03,04:55,05:41,06:23,06:56,20:25,20:58,21:40,22:26
2024-09-02,04:52,05:39,06:22,06:55,20:27,21:00,21:43,22:29
2024-09-01,04:50,05:37,06:20,06:53,20:29,21:02,21:45,22:32
2024-08-31,04:48,05:35,06:18,06:52,20:32,21:05,21:48,22:35
2024-08-30,04:45,05:33,06:17,06:50,20:34,21:07,21:50,22:38
2024-08-29,04:43,05:31,06:15,06:48,20:36,21:09,21:53,22:42
2024-08-28,04:40,05:29,06:13,06:47,20:38,21:12,21:56,22:45
2024-08-27,04:38,05:27,06:11,06:45,20:40,21:14,21:58,22:48
2024-08-26,04:35,05:25,06:10,06:44,20:43,21:16,22:01,22:51
2024-08-25,04:33,05:23,06:08,06:42,20:45,21:19,22:03,22:54
2024-08-24,04:30,05:21,06:06,06:40,20:47,21:21,22:06,22:57
2024-08-23,04:27,05:19,06:04,06:39,20:49,21:23,22:09,23:00
2024-08-22,04:25,05:17,06:03,06:37,20:51,21:26,22:11,23:04
2024-08-21,04:22,05:15,06:01,06:36,20:53,21:28,22:14,23:07
2024-08-20,04:19,05:13,05:59,06:34,20:55,21:30,22:16,23:10
2024-08-19,04:16,05:11,05:57,06:32,20:57,21:32,22:19,23:13
2024-08-18,04:14,05:09,05:56,06:31,21:00,21:35,22:22,23:17
2024-08-17,04:11,05:07,05:54,06:29,21:02,21:37,22:24,23:20
2024-08-16,04:08,05:04,05:52,06:28,21:04,21:39,22:27,23:23
2024-08-15,04:05,05:02,05:50,06:26,21:06,21:41,22:29,23:27
2024-08-14,04:02,05:00,05:48,06:24,21:08,21:44,22:32,23:30
2024-08-13,03:58,04:58,05:47,06:23,21:10,21:46,22:34,23:34
2024-08-12,03:55,04:56,05:45,06:21,21:12,21:48,22:37,23:37
2024-08-11,03:52,04:54,05:43,06:20,21:14,21:50,22:40,23:41
2024-08-10,03:49,04:51,05:41,06:18,21:15,21:52,22:42,23:45
2024-08-09,03:45,04:49,05:40,06:16,21:17,21:54,22:45,23:48
2024-08-08,03:42,04:47,05:38,06:15,21:19,21:56,22:47,23:52
2024-08-07,03:38,04:45,05:36,06:13,21:21,21:58,22:50,23:56
2024-08-06,03:35,04:42,05:34,06:12,21:23,22:00,22:52,00:00
2024-08-05,03:31,04:40,05:32,06:10,21:25,22:02,22:55,00:00
2024-08-04,03:27,04:38,05:31,06:09,21:26,22:04,22:57,00:00
2024-08-03,03:24,04:36,05:29,06:07,21:28,22:06,23:00,00:00
2024-08-02,03:20,04:33,05:27,06:05,21:30,22:08,23:02,00:00
2024-08-01,03:15,04:31,05:25,06:04,21:32,22:10,23:04,00:00
2024-07-31,03:11,04:29,05:24,06:02,21:33,22:12,23:07,00:00
2024-07-30,03:07,04:26,05:22,06:01,21:35,22:14,23:09,00:00
2024-07-29,03:02,04:24,05:20,05:59,21:36,22:16,23:12,00:00
2024-07-28,02:57,04:22,05:18,05:58,21:38,22:17,23:14,00:00
2024-07-27,02:52,04:20,05:17,05:56,21:39,22:19,23:16,00:00
2024-07-26,02:47,04:17,05:15,05:55,21:41,22:21,23:19,00:00
2024-07-25,02:41,04:15,05:13,05:54,21:42,22:23,23:21,00:00
2024-07-24,02:34,04:13,05:12,05:52,21:44,22:24,23:23,00:00
2024-07-23,02:27,04:11,05:10,05:51,21:45,22:26,23:25,00:00
2024-07-22,02:18,04:08,05:08,05:49,21:46,22:27,23:28,00:00
2024-07-21,02:05,04:06,05:07,05:48,21:48,22:29,23:30,00:00
2024-07-20,00:00,04:04,05:05,05:47,21:49,22:30,23:32,00:00
2024-07-19,00:00,04:02,05:04,05:45,21:50,22:32,23:34,00:00
2024-07-18,00:00,03:59,05:02,05:44,21:51,22:33,23:36,00:00
2024-07-17,00:00,03:57,05:01,05:43,21:53,22:35,23:38,00:00
2024-07-16,00:00,03:55,04:59,05:41,21:54,22:36,23:40,00:00
2024-07-15,00:00,03:53,04:58,05:40,21:55,22:37,23:42,00:00
2024-07-14,00:00,03:51,04:56,05:39,21:56,22:38,23:44,00:00
2024-07-13,00:00,03:49,04:55,05:38,21:57,22:40,23:46,00:00
2024-07-12,00:00,03:47,04:54,05:37,21:58,22:41,23:47,00:00
2024-07-11,00:00,03:45,04:52,05:36,21:58,22:42,23:49,00:00
2024-07-10,00:00,03:43,04:51,05:34,21:59,22:43,23:51,00:00
2024-07-09,00:00,03:41,04:50,05:33,22:00,22:44,23:52,00:00
2024-07-08,00:00,03:39,04:48,05:32,22:01,22:45,23:54,00:00
2024-07-07,00:00,03:38,04:47,05:31,22:01,22:46,23:55,00:00
2024-07-06,00:00,03:36,04:46,05:30,22:02,22:46,23:57,00:00
2024-07-05,00:00,03:34,04:45,05:30,22:03,22:47,23:58,00:00
2024-07-04,00:00,03:33,04:44,05:29,22:03,22:48,23:59,00:00
2024-07-03,00:00,03:31,04:43,05:28,22:04,22:48,00:00,00:00
2024-07-02,00:00,03:30,04:42,05:27,22:04,22:49,00:00,00:00
2024-07-01,00:00,03:29,04:41,05:26,22:04,22:49,00:00,00:00
2024-06-30,00:00,03:27,04:41,05:26,22:05,22:50,00:00,00:00
2024-06-29,00:00,03:26,04:40,05:25,22:05,22:50,00:00,00:00
2024-06-28,00:00,03:25,04:39,05:24,22:05,22:51,00:00,00:00
2024-06-27,00:00,03:24,04:38,05:24,22:05,22:51,00:00,00:00
2024-06-26,00:00,03:23,04:38,05:23,22:05,22:51,00:00,00:00
2024-06-25,00:00,03:23,04:37,05:23,22:05,22:51,00:00,00:00
2024-06-24,00:00,03:22,04:37,05:22,22:05,22:51,00:00,00:00
2024-06-23,00:00,03:21,04:36,05:22,22:05,22:51,00:00,00:00
2024-06-22,00:00,03:21,04:36,05:22,22:05,22:51,00:00,00:00
2024-06-21,00:00,03:21,04:36,05:21,22:05,22:51,00:00,00:00
2024-06-20,00:00,03:20,04:36,05:21,22:05,22:51,00:00,00:00
2024-06-19,00:00,03:20,04:35,05:21,22:05,22:50,00:00,00:00
2024-06-18,00:00,03:20,04:35,05:21,22:04,22:50,00:00,00:00
2024-06-17,00:00,03:20,04:35,05:21,22:04,22:50,00:00,00:00
2024-06-16,00:00,03:20,04:35,05:21,22:04,22:49,00:00,00:00
2024-06-15,00:00,03:21,04:35,05:21,22:03,22:49,00:00,00:00
2024-06-14,00:00,03:21,04:36,05:21,22:03,22:48,00:00,00:00
2024-06-13,00:00,03:22,04:36,05:21,22:02,22:47,00:00,00:00
2024-06-12,00:00,03:22,04:36,05:21,22:01,22:47,00:00,00:00
2024-06-11,00:00,03:23,04:36,05:22,22:01,22:46,23:59,00:00
2024-06-10,00:00,03:24,04:37,05:22,22:00,22:45,23:58,00:00
2024-06-09,00:00,03:25,04:37,05:22,21:59,22:44,23:57,00:00
2024-06-08,00:00,03:26,04:38,05:23,21:59,22:43,23:55,00:00
2024-06-07,00:00,03:27,04:38,05:23,21:58,22:42,23:54,00:00
2024-06-06,00:00,03:28,04:39,05:23,21:57,22:41,23:52,00:00
2024-06-05,00:00,03:29,04:40,05:24,21:56,22:40,23:51,00:00
2024-06-04,00:00,03:31,04:40,05:25,21:55,22:39,23:49,00:00
2024-06-03,00:00,03:32,04:41,05:25,21:54,22:38,23:47,00:00
2024-06-02,00:00,03:34,04:42,05:26,21:53,22:37,23:45,00:00
2024-06-01,00:00,03:35,04:43,05:27,21:52,22:35,23:43,00:00
2024-05-31,00:00,03:37,04:44,05:28,21:51,22:34,23:42,00:00
2024-05-30,00:00,03:38,04:45,05:28,21:50,22:33,23:40,00:00
2024-05-29,00:00,03:40,04:46,05:29,21:49,22:31,23:38,00:00
2024-05-28,00:00,03:42,04:47,05:30,21:47,22:30,23:35,00:00
2024-05-27,00:00,03:44,04:49,05:31,21:46,22:29,23:33,00:00
2024-05-26,00:00,03:46,04:50,05:32,21:45,22:27,23:31,00:00
2024-05-25,00:00,03:48,04:51,05:33,21:44,22:26,23:29,00:00
2024-05-24,00:00,03:50,04:53,05:34,21:42,22:24,23:27,00:00
2024-05-23,00:00,03:52,04:54,05:36,21:41,22:23,23:25,00:00
2024-05-22,00:00,03:54,04:55,05:37,21:40,22:21,23:22,00:00
2024-05-21,00:00,03:56,04:57,05:38,21:38,22:19,23:20,00:00
2024-05-20,02:06,03:58,04:58,05:39,21:37,22:18,23:18,00:00
2024-05-19,02:16,04:00,05:00,05:41,21:35,22:16,23:16,00:00
2024-05-18,02:23,04:02,05:01,05:42,21:34,22:14,23:13,00:00
2024-05-17,02:30,04:05,05:03,05:43,21:32,22:13,23:11,00:00
2024-05-16,02:36,04:07,05:05,05:45,21:31,22:11,23:09,00:00
2024-05-15,02:41,04:09,05:06,05:46,21:29,22:09,23:06,00:00
2024-05-14,02:47,04:12,05:08,05:48,21:28,22:07,23:04,00:00
2024-05-13,02:52,04:14,05:10,05:49,21:26,22:06,23:02,00:00
2024-05-12,02:56,04:16,05:12,05:51,21:25,22:04,22:59,00:00
2024-05-11,03:01,04:19,05:14,05:52,21:23,22:02,22:57,00:00
2024-05-10,03:05,04:21,05:15,05:54,21:22,22:00,22:55,00:00
2024-05-09,03:10,04:23,05:17,05:56,21:20,21:58,22:52,00:00
2024-05-08,03:14,04:26,05:19,05:57,21:18,21:57,22:50,00:00
2024-05-07,03:18,04:28,05:21,05:59,21:17,21:55,22:48,23:58
2024-05-06,03:22,04:31,05:23,06:01,21:15,21:53,22:45,23:54
2024-05-05,03:26,04:33,05:25,06:02,21:14,21:51,22:43,23:50
2024-05-04,03:30,04:36,05:27,06:04,21:12,21:49,22:41,23:47
2024-05-03,03:33,04:38,05:29,06:06,21:10,21:47,22:38,23:43
2024-05-02,03:37,04:41,05:31,06:08,21:09,21:46,22:36,23:40
2024-05-01,03:41,04:43,05:33,06:10,21:07,21:44,22:34,23:36
2024-04-30,03:44,04:46,05:35,06:12,21:05,21:42,22:31,23:33
2024-04-29,03:48,04:48,05:37,06:14,21:04,21:40,22:29,23:29
2024-04-28,03:51,04:51,05:40,06:16,21:02,21:38,22:27,23:26
2024-04-27,03:55,04:53,05:42,06:17,21:00,21:36,22:25,23:23
2024-04-26,03:58,04:56,05:44,06:19,20:59,21:34,22:22,23:20
2024-04-25,04:02,04:58,05:46,06:21,20:57,21:33,22:20,23:17
2024-04-24,04:05,05:01,05:48,06:23,20:55,21:31,22:18,23:14
2024-04-23,04:09,05:04,05:50,06:25,20:54,21:29,22:16,23:11
2024-04-22,04:12,05:06,05:53,06:28,20:52,21:27,22:13,23:08
2024-04-21,04:15,05:09,05:55,06:30,20:50,21:25,22:11,23:05
2024-04-20,04:18,05:11,05:57,06:32,20:49,21:23,22:09,23:02
2024-04-19,04:22,05:14,05:59,06:34,20:47,21:21,22:07,22:59
2024-04-18,04:25,05:16,06:02,06:36,20:45,21:20,22:05,22:56
2024-04-17,04:28,05:19,06:04,06:38,20:44,21:18,22:03,22:54
2024-04-16,04:31,05:22,06:06,06:40,20:42,21:16,22:01,22:51
2024-04-15,04:34,05:24,06:08,06:42,20:40,21:14,21:58,22:48
2024-04-14,04:37,05:27,06:11,06:44,20:39,21:12,21:56,22:46
2024-04-13,04:40,05:29,06:13,06:47,20:37,21:11,21:54,22:43
2024-04-12,04:44,05:32,06:15,06:49,20:35,21:09,21:52,22:41
2024-04-11,04:47,05:35,06:18,06:51,20:34,21:07,21:50,22:38
2024-04-10,04:50,05:37,06:20,06:53,20:32,21:05,21:48,22:36
2024-04-09,04:53,05:40,06:22,06:55,20:30,21:03,21:46,22:33
2024-04-08,04:56,05:42,06:25,06:58,20:29,21:02,21:44,22:31
2024-04-07,04:59,05:45,06:27,07:00,20:27,21:00,21:42,22:28
2024-04-06,05:02,05:47,06:29,07:02,20:25,20:58,21:40,22:26
2024-04-05,05:04,05:50,06:32,07:04,20:24,20:56,21:38,22:23
2024-04-04,05:07,05:52,06:34,07:07,20:22,20:54,21:36,22:21
2024-04-03,05:10,05:55,06:36,07:09,20:20,20:53,21:34,22:19
2024-04-02,05:13,05:57,06:39,07:11,20:18,20:51,21:32,22:17
2024-04-01,05:16,06:00,06:41,07:13,20:17,20:49,21:30,22:14
2024-03-31,05:19,06:03,06:43,07:16,20:15,20:47,21:28,22:12
2024-03-30,04:22,05:05,05:46,06:18,19:13,19:46,20:26,21:10
2024-03-29,04:24,05:08,05:48,06:20,19:12,19:44,20:24,21:08
2024-03-28,04:27,05:10,05:51,06:23,19:10,19:42,20:23,21:05
2024-03-27,04:30,05:13,05:53,06:25,19:08,19:40,20:21,21:03
2024-03-26,04:33,05:15,05:55,06:27,19:07,19:39,20:19,21:01
2024-03-25,04:35,05:18,05:58,06:29,19:05,19:37,20:17,20:59
2024-03-24,04:38,05:20,06:00,06:32,19:03,19:35,20:15,20:57
2024-03-23,04:41,05:22,06:02,06:34,19:02,19:33,20:13,20:55
2024-03-22,04:43,05:25,06:05,06:36,19:00,19:32,20:11,20:53
2024-03-21,04:46,05:27,06:07,06:39,18:58,19:30,20:10,20:51
2024-03-20,04:49,05:30,06:09,06:41,18:57,19:28,20:08,20:49
2024-03-19,04:51,05:32,06:12,06:43,18:55,19:26,20:06,20:47
2024-03-18,04:54,05:35,06:14,06:45,18:53,19:25,20:04,20:45
2024-03-17,04:56,05:37,06:16,06:48,18:51,19:23,20:02,20:43
2024-03-16,04:59,05:39,06:18,06:50,18:50,19:21,20:00,20:41
2024-03-15,05:01,05:42,06:21,06:52,18:48,19:20,19:59,20:39
2024-03-14,05:04,05:44,06:23,06:55,18:46,19:18,19:57,20:37
2024-03-13,05:06,05:46,06:25,06:57,18:45,19:16,19:55,20:35
2024-03-12,05:09,05:49,06:28,06:59,18:43,19:14,19:53,20:33
2024-03-11,05:11,05:51,06:30,07:01,18:41,19:13,19:52,20:31
2024-03-10,05:14,05:53,06:32,07:04,18:39,19:11,19:50,20:30
2024-03-09,05:16,05:56,06:34,07:06,18:38,19:09,19:48,20:28
2024-03-08,05:18,05:58,06:37,07:08,18:36,19:08,19:46,20:26
2024-03-07,05:21,06:00,06:39,07:10,18:34,19:06,19:45,20:24
2024-03-06,05:23,06:02,06:41,07:13,18:32,19:04,19:43,20:22
2024-03-05,05:25,06:04,06:43,07:15,18:31,19:02,19:41,20:20
2024-03-04,05:27,06:07,06:45,07:17,18:29,19:01,19:39,20:18
2024-03-03,05:30,06:09,06:47,07:19,18:27,18:59,19:38,20:17
2024-03-02,05:32,06:11,06:50,07:21,18:25,18:57,19:36,20:15
2024-03-01,05:34,06:13,06:52,07:24,18:24,18:55,19:34,20:13
2024-02-29,05:36,06:15,06:54,07:26,18:22,18:54,19:32,20:11
2024-02-28,05:38,06:17,06:56,07:28,18:20,18:52,19:31,20:10
2024-02-27,05:40,06:19,06:58,07:30,18:18,18:50,19:29,20:08
2024-02-26,05:43,06:21,07:00,07:32,18:17,18:49,19:27,20:06
2024-02-25,05:45,06:23,07:02,07:34,18:15,18:47,19:26,20:04
2024-02-24,05:47,06:25,07:04,07:36,18:13,18:45,19:24,20:03
2024-02-23,05:49,06:27,07:06,07:38,18:11,18:43,19:22,20:01
2024-02-22,05:51,06:29,07:08,07:40,18:09,18:42,19:20,19:59
2024-02-21,05:53,06:31,07:10,07:42,18:08,18:40,19:19,19:57
2024-02-20,05:54,06:33,07:12,07:44,18:06,18:38,19:17,19:56
2024-02-19,05:56,06:35,07:14,07:46,18:04,18:36,19:15,19:54
2024-02-18,05:58,06:37,07:16,07:48,18:02,18:35,19:14,19:52
2024-02-17,06:00,06:39,07:18,07:50,18:00,18:33,19:12,19:51
2024-02-16,06:02,06:41,07:20,07:52,17:59,18:31,19:10,19:49
2024-02-15,06:04,06:42,07:21,07:54,17:57,18:30,19:09,19:47
2024-02-14,06:05,06:44,07:23,07:56,17:55,18:28,19:07,19:46
2024-02-13,06:07,06:46,07:25,07:58,17:53,18:26,19:05,19:44
2024-02-12,06:09,06:47,07:27,08:00,17:51,18:24,19:04,19:42
2024-02-11,06:10,06:49,07:29,08:02,17:49,18:23,19:02,19:41
2024-02-10,06:12,06:51,07:30,08:04,17:48,18:21,19:00,19:39
2024-02-09,06:14,06:52,07:32,08:05,17:46,18:19,18:59,19:38
2024-02-08,06:15,06:54,07:34,08:07,17:44,18:17,18:57,19:36
2024-02-07,06:17,06:55,07:35,08:09,17:42,18:16,18:56,19:34
2024-02-06,06:18,06:57,07:37,08:11,17:40,18:14,18:54,19:33
2024-02-05,06:19,06:58,07:38,08:12,17:38,18:12,18:52,19:31
2024-02-04,06:21,07:00,07:40,08:14,17:37,18:11,18:51,19:30
2024-02-03,06:22,07:01,07:41,08:15,17:35,18:09,18:49,19:28
2024-02-02,06:23,07:03,07:43,08:17,17:33,18:07,18:47,19:27
2024-02-01,06:25,07:04,07:44,08:19,17:31,18:06,18:46,19:25
2024-01-31,06:26,07:05,07:46,08:20,17:29,18:04,18:44,19:23
2024-01-30,06:27,07:06,07:47,08:22,17:28,18:02,18:43,19:22
2024-01-29,06:28,07:08,07:48,08:23,17:26,18:01,18:41,19:20
2024-01-28,06:29,07:09,07:49,08:24,17:24,17:59,18:40,19:19
2024-01-27,06:31,07:10,07:51,08:26,17:22,17:57,18:38,19:17
2024-01-26,06:32,07:11,07:52,08:27,17:21,17:56,18:37,19:16
2024-01-25,06:33,07:12,07:53,08:28,17:19,17:54,18:35,19:15
2024-01-24,06:34,07:13,07:54,08:30,17:17,17:52,18:34,19:13
2024-01-23,06:34,07:14,07:55,08:31,17:15,17:51,18:32,19:12
2024-01-22,06:35,07:15,07:56,08:32,17:14,17:49,18:31,19:10
2024-01-21,06:36,07:16,07:57,08:33,17:12,17:48,18:29,19:09
2024-01-20,06:37,07:17,07:58,08:34,17:10,17:46,18:28,19:08
2024-01-19,06:38,07:18,07:59,08:35,17:09,17:45,18:26,19:06
2024-01-18,06:38,07:18,08:00,08:36,17:07,17:43,18:25,19:05
2024-01-17,06:39,07:19,08:01,08:37,17:05,17:42,18:24,19:04
2024-01-16,06:40,07:20,08:02,08:38,17:04,17:40,18:22,19:02
2024-01-15,06:40,07:20,08:02,08:39,17:02,17:39,18:21,19:01
2024-01-14,06:41,07:21,08:03,08:40,17:01,17:37,18:20,19:00
2024-01-13,06:41,07:21,08:04,08:40,16:59,17:36,18:18,18:58
2024-01-12,06:42,07:22,08:04,08:41,16:58,17:35,18:17,18:57
2024-01-11,06:42,07:22,08:05,08:42,16:56,17:33,18:16,18:56
2024-01-10,06:42,07:23,08:05,08:42,16:55,17:32,18:15,18:55
2024-01-09,06:43,07:23,08:06,08:43,16:54,17:31,18:13,18:54
2024-01-08,06:43,07:23,08:06,08:43,16:52,17:30,18:12,18:53
2024-01-07,06:43,07:24,08:06,08:44,16:51,17:28,18:11,18:52
2024-01-06,06:43,07:24,08:07,08:44,16:50,17:27,18:10,18:51
2024-01-05,06:44,07:24,08:07,08:45,16:49,17:26,18:09,18:50
2024-01-04,06:44,07:24,08:07,08:45,16:47,17:25,18:08,18:49
2024-01-03,06:44,07:24,08:07,08:45,16:46,17:24,18:07,18:48
2024-01-02,06:44,07:24,08:07,08:45,16:45,17:23,18:06,18:47
2024-01-01,06:44,07:24,08:07,08:45,16:44,17:22,18:05,18:46
2023-12-31,06:44,07:24,08:07,08:45,16:43,17:21,18:04,18:45
2023-12-30,06:43,07:24,08:07,08:45,16:42,17:20,18:03,18:44
2023-12-29,06:43,07:24,08:07,08:45,16:41,17:19,18:02,18:43
2023-12-28,06:43,07:24,08:07,08:45,16:40,17:19,18:02,18:43
2023-12-27,06:43,07:24,08:07,08:45,16:40,17:18,18:01,18:42
2023-12-26,06:42,07:23,08:07,08:45,16:39,17:17,18:00,18:41
2023-12-25,06:42,07:23,08:06,08:44,16:38,17:16,18:00,18:40
2023-12-24,06:42,07:23,08:06,08:44,16:38,17:16,17:59,18:40
2023-12-23,06:41,07:22,08:05,08:44,16:37,17:15,17:58,18:39
2023-12-22,06:41,07:22,08:05,08:43,16:36,17:15,17:58,18:39
2023-12-21,06:40,07:21,08:05,08:43,16:36,17:14,17:57,18:38
2023-12-20,06:40,07:21,08:04,08:42,16:35,17:14,17:57,18:38
2023-12-19,06:39,07:20,08:03,08:42,16:35,17:13,17:57,18:37
2023-12-18,06:39,07:19,08:03,08:41,16:35,17:13,17:56,18:37
2023-12-17,06:38,07:19,08:02,08:40,16:34,17:13,17:56,18:37
2023-12-16,06:37,07:18,08:01,08:39,16:34,17:12,17:56,18:36
2023-12-15,06:37,07:17,08:01,08:39,16:34,17:12,17:55,18:36
2023-12-14,06:36,07:17,08:00,08:38,16:34,17:12,17:55,18:36
2023-12-13,06:35,07:16,07:59,08:37,16:34,17:12,17:55,18:36
2023-12-12,06:34,07:15,07:58,08:36,16:34,17:12,17:55,18:36
2023-12-11,06:33,07:14,07:57,08:35,16:34,17:12,17:55,18:36
2023-12-10,06:32,07:13,07:56,08:34,16:34,17:12,17:55,18:36
2023-12-09,06:32,07:12,07:55,08:33,16:34,17:12,17:55,18:36
2023-12-08,06:31,07:11,07:54,08:32,16:35,17:12,17:55,18:36
2023-12-07,06:30,07:10,07:53,08:30,16:35,17:13,17:55,18:36
2023-12-06,06:29,07:09,07:52,08:29,16:35,17:13,17:55,18:36
2023-12-05,06:28,07:08,07:51,08:28,16:36,17:13,17:56,18:36
2023-12-04,06:26,07:07,07:49,08:27,16:36,17:13,17:56,18:36
2023-12-03,06:25,07:06,07:48,08:25,16:37,17:14,17:56,18:37
2023-12-02,06:24,07:05,07:47,08:24,16:37,17:14,17:57,18:37
2023-12-01,06:23,07:03,07:46,08:23,16:38,17:15,17:57,18:37
2023-11-30,06:22,07:02,07:44,08:21,16:39,17:15,17:58,18:38
2023-11-29,06:21,07:01,07:43,08:20,16:39,17:16,17:58,18:38
2023-11-28,06:20,07:00,07:42,08:18,16:40,17:17,17:59,18:39
2023-11-27,06:18,06:58,07:40,08:17,16:41,17:17,17:59,18:39
2023-11-26,06:17,06:57,07:39,08:15,16:42,17:18,18:00,18:40
2023-11-25,06:16,06:56,07:38,08:14,16:43,17:19,18:01,18:41
2023-11-24,06:15,06:54,07:36,08:12,16:44,17:20,18:01,18:41
2023-11-23,06:13,06:53,07:35,08:11,16:45,17:21,18:02,18:42
2023-11-22,06:12,06:52,07:33,08:09,16:46,17:22,18:03,18:43
2023-11-21,06:11,06:50,07:32,08:07,16:47,17:23,18:04,18:44
2023-11-20,06:09,06:49,07:30,08:06,16:48,17:24,18:05,18:45
2023-11-19,06:08,06:48,07:29,08:04,16:49,17:25,18:06,18:46
2023-11-18,06:07,06:46,07:27,08:03,16:50,17:26,18:07,18:46
2023-11-17,06:05,06:45,07:26,08:01,16:52,17:27,18:08,18:47
2023-11-16,06:04,06:43,07:24,07:59,16:53,17:28,18:09,18:48
2023-11-15,06:02,06:42,07:22,07:57,16:54,17:29,18:10,18:50
2023-11-14,06:01,06:40,07:21,07:56,16:56,17:31,18:11,18:51
2023-11-13,05:59,06:39,07:19,07:54,16:57,17:32,18:13,18:52
2023-11-12,05:58,06:37,07:18,07:52,16:59,17:33,18:14,18:53
2023-11-11,05:57,06:36,07:16,07:51,17:00,17:35,18:15,18:54
2023-11-10,05:55,06:34,07:14,07:49,17:02,17:36,18:16,18:55
2023-11-09,05:54,06:33,07:13,07:47,17:03,17:38,18:18,18:57
2023-11-08,05:52,06:31,07:11,07:45,17:05,17:39,18:19,18:58
2023-11-07,05:51,06:30,07:10,07:44,17:07,17:41,18:21,19:00
2023-11-06,05:49,06:28,07:08,07:42,17:08,17:42,18:22,19:01
2023-11-05,05:48,06:26,07:06,07:40,17:10,17:44,18:23,19:02
2023-11-04,05:46,06:25,07:05,07:38,17:12,17:45,18:25,19:04
2023-11-03,05:44,06:23,07:03,07:37,17:13,17:47,18:27,19:05
2023-11-02,05:43,06:22,07:01,07:35,17:15,17:49,18:28,19:07
2023-11-01,05:41,06:20,07:00,07:33,17:17,17:50,18:30,19:09
2023-10-31,05:40,06:19,06:58,07:31,17:19,17:52,18:31,19:10
2023-10-30,05:38,06:17,06:56,07:29,17:21,17:54,18:33,19:12
2023-10-29,05:37,06:15,06:55,07:28,17:22,17:56,18:35,19:14
2023-10-28,06:35,07:14,07:53,08:26,18:24,18:57,19:37,20:15
2023-10-27,06:34,07:12,07:51,08:24,18:26,18:59,19:38,20:17
2023-10-26,06:32,07:11,07:50,08:22,18:28,19:01,19:40,20:19
2023-10-25,06:30,07:09,07:48,08:21,18:30,19:03,19:42,20:21
2023-10-24,06:29,07:07,07:46,08:19,18:32,19:05,19:44,20:22
2023-10-23,06:27,07:06,07:45,08:17,18:34,19:07,19:46,20:24
2023-10-22,06:26,07:04,07:43,08:16,18:36,19:09,19:48,20:26
2023-10-21,06:24,07:03,07:41,08:14,18:38,19:11,19:50,20:28
2023-10-20,06:22,07:01,07:40,08:12,18:40,19:13,19:51,20:30
2023-10-19,06:21,06:59,07:38,08:10,18:42,19:15,19:53,20:32
2023-10-18,06:19,06:58,07:36,08:09,18:45,19:17,19:55,20:34
2023-10-17,06:17,06:56,07:35,08:07,18:47,19:19,19:57,20:36
2023-10-16,06:16,06:54,07:33,08:05,18:49,19:21,20:00,20:38
2023-10-15,06:14,06:53,07:32,08:04,18:51,19:23,20:02,20:40
2023-10-14,06:12,06:51,07:30,08:02,18:53,19:25,20:04,20:43
2023-10-13,06:11,06:50,07:28,08:00,18:55,19:27,20:06,20:45
2023-10-12,06:09,06:48,07:27,07:58,18:57,19:29,20:08,20:47
2023-10-11,06:07,06:46,07:25,07:57,19:00,19:31,20:10,20:49
2023-10-10,06:06,06:45,07:23,07:55,19:02,19:34,20:12,20:51
2023-10-09,06:04,06:43,07:22,07:53,19:04,19:36,20:14,20:54
2023-10-08,06:02,06:41,07:20,07:52,19:06,19:38,20:17,20:56
2023-10-07,06:00,06:40,07:18,07:50,19:09,19:40,20:19,20:58
2023-10-06,05:59,06:38,07:17,07:48,19:11,19:42,20:21,21:00
2023-10-05,05:57,06:36,07:15,07:47,19:13,19:45,20:23,21:03
2023-10-04,05:55,06:35,07:13,07:45,19:15,19:47,20:26,21:05
2023-10-03,05:53,06:33,07:12,07:43,19:18,19:49,20:28,21:08
2023-10-02,05:52,06:31,07:10,07:42,19:20,19:51,20:30,21:10
2023-10-01,05:50,06:30,07:09,07:40,19:22,19:54,20:33,21:12
2023-09-30,05:48,06:28,07:07,07:39,19:24,19:56,20:35,21:15
2023-09-29,05:46,06:26,07:05,07:37,19:27,19:58,20:37,21:17
2023-09-28,05:44,06:25,07:04,07:35,19:29,20:01,20:40,21:20
2023-09-27,05:43,06:23,07:02,07:34,19:31,20:03,20:42,21:22
2023-09-26,05:41,06:21,07:00,07:32,19:34,20:05,20:44,21:25
2023-09-25,05:39,06:20,06:59,07:30,19:36,20:07,20:47,21:27
2023-09-24,05:37,06:18,06:57,07:29,19:38,20:10,20:49,21:30
2023-09-23,05:35,06:16,06:56,07:27,19:41,20:12,20:52,21:33
2023-09-22,05:33,06:14,06:54,07:26,19:43,20:15,20:54,21:35
2023-09-21,05:31,06:13,06:52,07:24,19:45,20:17,20:56,21:38
2023-09-20,05:29,06:11,06:51,07:22,19:47,20:19,20:59,21:41
2023-09-19,05:27,06:09,06:49,07:21,19:50,20:22,21:01,21:43
2023-09-18,05:25,06:07,06:47,07:19,19:52,20:24,21:04,21:46
2023-09-17,05:23,06:06,06:46,07:18,19:54,20:26,21:06,21:49
2023-09-16,05:21,06:04,06:44,07:16,19:57,20:29,21:09,21:51
2023-09-15,05:19,06:02,06:42,07:14,19:59,20:31,21:11,21:54
2023-09-14,05:17,06:00,06:41,07:13,20:01,20:33,21:14,21:57
2023-09-13,05:15,05:58,06:39,07:11,20:04,20:36,21:16,22:00
2023-09-12,05:13,05:57,06:37,07:10,20:06,20:38,21:19,22:03
2023-09-11,05:11,05:55,06:36,07:08,20:08,20:41,21:22,22:05
2023-09-10,05:09,05:53,06:34,07:06,20:11,20:43,21:24,22:08
2023-09-09,05:07,05:51,06:32,07:05,20:13,20:45,21:27,22:11
2023-09-08,05:04,05:49,06:31,07:03,20:15,20:48,21:29,22:14
2023-09-07,05:02,05:47,06:29,07:02,20:17,20:50,21:32,22:17
2023-09-06,05:00,05:45,06:27,07:00,20:20,20:52,21:34,22:20
2023-09-05,04:58,05:43,06:26,06:58,20:22,20:55,21:37,22:23
2023-09-04,04:55,05:42,06:24,06:57,20:24,20:57,21:39,22:26
2023-09-03,04:53,05:40,06:22,06:55,20:27,21:00,21:42,22:29
2023-09-02,04:51,05:38,06:20,06:54,20:29,21:02,21:45,22:32
2023-09-01,04:48,05:36,06:19,06:52,20:31,21:04,21:47,22:35
2023-08-31,04:46,05:34,06:17,06:50,20:33,21:07,21:50,22:38
2023-08-30,04:43,05:32,06:15,06:49,20:35,21:09,21:52,22:41
2023-08-29,04:41,05:30,06:14,06:47,20:38,21:11,21:55,22:44
2023-08-28,04:38,05:28,06:12,06:46,20:40,21:14,21:58,22:47
2023-08-27,04:36,05:26,06:10,06:44,20:42,21:16,22:00,22:50
2023-08-26,04:33,05:24,06:08,06:42,20:44,21:18,22:03,22:53
2023-08-25,04:31,05:22,06:07,06:41,20:46,21:21,22:05,22:56
2023-08-24,04:28,05:20,06:05,06:39,20:49,21:23,22:08,23:00
2023-08-23,04:25,05:18,06:03,06:38,20:51,21:25,22:11,23:03
2023-08-22,04:23,05:16,06:01,06:36,20:53,21:27,22:13,23:06
2023-08-21,04:20,05:13,06:00,06:34,20:55,21:30,22:16,23:09
2023-08-20,04:17,05:11,05:58,06:33,20:57,21:32,22:18,23:13
2023-08-19,04:14,05:09,05:56,06:31,20:59,21:34,22:21,23:16
2023-08-18,04:11,05:07,05:54,06:29,21:01,21:36,22:24,23:19
2023-08-17,04:08,05:05,05:52,06:28,21:03,21:39,22:26,23:23
2023-08-16,04:05,05:03,05:51,06:26,21:05,21:41,22:29,23:26
2023-08-15,04:02,05:01,05:49,06:25,21:07,21:43,22:31,23:30
2023-08-14,03:59,04:58,05:47,06:23,21:09,21:45,22:34,23:33
2023-08-13,03:56,04:56,05:45,06:21,21:11,21:47,22:36,23:37
2023-08-12,03:53,04:54,05:44,06:20,21:13,21:49,22:39,23:40
2023-08-11,03:50,04:52,05:42,06:18,21:15,21:52,22:41,23:44
2023-08-10,03:46,04:50,05:40,06:17,21:17,21:54,22:44,23:47
2023-08-09,03:43,04:47,05:38,06:15,21:19,21:56,22:47,23:51
2023-08-08,03:39,04:45,05:36,06:14,21:21,21:58,22:49,23:55
2023-08-07,03:36,04:43,05:35,06:12,21:22,22:00,22:52,23:59
2023-08-06,03:32,04:41,05:33,06:10,21:24,22:02,22:54,00:00
2023-08-05,03:28,04:38,05:31,06:09,21:26,22:04,22:56,00:00
2023-08-04,03:24,04:36,05:29,06:07,21:28,22:06,22:59,00:00
2023-08-03,03:21,04:34,05:28,06:06,21:29,22:08,23:01,00:00
2023-08-02,03:16,04:32,05:26,06:04,21:31,22:10,23:04,00:00
2023-08-01,03:12,04:29,05:24,06:03,21:33,22:11,23:06,00:00
2023-07-31,03:08,04:27,05:22,06:01,21:34,22:13,23:09,00:00
2023-07-30,03:03,04:25,05:21,06:00,21:36,22:15,23:11,00:00
2023-07-29,02:58,04:22,05:19,05:58,21:38,22:17,23:13,00:00
2023-07-28,02:53,04:20,05:17,05:57,21:39,22:19,23:16,00:00
2023-07-27,02:48,04:18,05:15,05:55,21:41,22:20,23:18,00:00
2023-07-26,02:42,04:16,05:14,05:54,21:42,22:22,23:20,00:00
2023-07-25,02:36,04:13,05:12,05:52,21:43,22:24,23:23,00:00
2023-07-24,02:29,04:11,05:10,05:51,21:45,22:25,23:25,00:00
2023-07-23,02:20,04:09,05:09,05:50,21:46,22:27,23:27,00:00
2023-07-22,02:09,04:07,05:07,05:48,21:47,22:29,23:29,00:00
2023-07-21,00:00,04:04,05:06,05:47,21:49,22:30,23:31,00:00
2023-07-20,00:00,04:02,05:04,05:46,21:50,22:31,23:33,00:00
2023-07-19,00:00,04:00,05:03,05:44,21:51,22:33,23:35,00:00
2023-07-18,00:00,03:58,05:01,05:43,21:52,22:34,23:37,00:00
2023-07-17,00:00,03:56,04:59,05:42,21:53,22:36,23:39,00:00
2023-07-16,00:00,03:54,04:58,05:40,21:54,22:37,23:41,00:00
2023-07-15,00:00,03:51,04:57,05:39,21:55,22:38,23:43,00:00
2023-07-14,00:00,03:49,04:55,05:38,21:56,22:39,23:45,00:00
2023-07-13,00:00,03:47,04:54,05:37,21:57,22:40,23:47,00:00
2023-07-12,00:00,03:45,04:53,05:36,21:58,22:42,23:49,00:00
2023-07-11,00:00,03:44,04:51,05:35,21:59,22:43,23:50,00:00
2023-07-10,00:00,03:42,04:50,05:34,22:00,22:44,23:52,00:00
2023-07-09,00:00,03:40,04:49,05:33,22:01,22:44,23:53,00:00
2023-07-08,00:00,03:38,04:48,05:32,22:01,22:45,23:55,00:00
2023-07-07,00:00,03:36,04:46,05:31,22:02,22:46,23:56,00:00
2023-07-06,00:00,03:35,04:45,05:30,22:02,22:47,23:58,00:00
2023-07-05,00:00,03:33,04:44,05:29,22:03,22:48,23:59,00:00
2023-07-04,00:00,03:32,04:43,05:28,22:04,22:48,00:00,00:00
2023-07-03,00:00,03:30,04:42,05:27,22:04,22:49,00:00,00:00
2023-07-02,00:00,03:29,04:42,05:27,22:04,22:49,00:00,00:00
2023-07-01,00:00,03:28,04:41,05:26,22:05,22:50,00:00,00:00
2023-06-30,00:00,03:26,04:40,05:25,22:05,22:50,00:00,00:00
2023-06-29,00:00,03:25,04:39,05:25,22:05,22:50,00:00,00:00
2023-06-28,00:00,03:24,04:39,05:24,22:05,22:51,00:00,00:00
2023-06-27,00:00,03:23,04:38,05:23,22:05,22:51,00:00,00:00
2023-06-26,00:00,03:23,04:37,05:23,22:05,22:51,00:00,00:00
2023-06-25,00:00,03:22,04:37,05:23,22:06,22:51,00:00,00:00
2023-06-24,00:00,03:21,04:36,05:22,22:05,22:51,00:00,00:00
2023-06-23,00:00,03:21,04:36,05:22,22:05,22:51,00:00,00:00
2023-06-22,00:00,03:21,04:36,05:22,22:05,22:51,00:00,00:00
2023-06-21,00:00,03:20,04:36,05:21,22:05,22:51,00:00,00:00
2023-06-20,00:00,03:20,04:35,05:21,22:05,22:50,00:00,00:00
2023-06-19,00:00,03:20,04:35,05:21,22:04,22:50,00:00,00:00
2023-06-18,00:00,03:20,04:35,05:21,22:04,22:50,00:00,00:00
2023-06-17,00:00,03:20,04:35,05:21,22:04,22:49,00:00,00:00
2023-06-16,00:00,03:21,04:35,05:21,22:03,22:49,00:00,00:00
2023-06-15,00:00,03:21,04:35,05:21,22:03,22:48,00:00,00:00
2023-06-14,00:00,03:22,04:36,05:21,22:02,22:48,00:00,00:00
2023-06-13,00:00,03:22,04:36,05:21,22:02,22:47,00:00,00:00
2023-06-12,00:00,03:23,04:36,05:21,22:01,22:46,00:00,00:00
2023-06-11,00:00,03:24,04:37,05:22,22:00,22:45,23:58,00:00
2023-06-10,00:00,03:25,04:37,05:22,22:00,22:44,23:57,00:00
2023-06-09,00:00,03:26,04:38,05:22,21:59,22:44,23:56,00:00
2023-06-08,00:00,03:27,04:38,05:23,21:58,22:43,23:54,00:00
2023-06-07,00:00,03:28,04:39,05:23,21:57,22:42,23:53,00:00
2023-06-06,00:00,03:29,04:40,05:24,21:56,22:41,23:51,00:00
2023-06-05,00:00,03:30,04:40,05:24,21:55,22:39,23:49,00:00
2023-06-04,00:00,03:32,04:41,05:25,21:54,22:38,23:48,00:00
2023-06-03,00:00,03:33,04:42,05:26,21:53,22:37,23:46,00:00
2023-06-02,00:00,03:35,04:43,05:27,21:52,22:36,23:44,00:00
2023-06-01,00:00,03:36,04:44,05:27,21:51,22:35,23:42,00:00
2023-05-31,00:00,03:38,04:45,05:28,21:50,22:33,23:40,00:00
2023-05-30,00:00,03:40,04:46,05:29,21:49,22:32,23:38,00:00
2023-05-29,00:00,03:42,04:47,05:30,21:48,22:30,23:36,00:00
2023-05-28,00:00,03:43,04:48,05:31,21:46,22:29,23:34,00:00
2023-05-27,00:00,03:45,04:50,05:32,21:45,22:27,23:32,00:00
2023-05-26,00:00,03:47,04:51,05:33,21:44,22:26,23:30,00:00
2023-05-25,00:00,03:49,04:52,05:34,21:43,22:24,23:27,00:00
2023-05-24,00:00,03:51,04:54,05:35,21:41,22:23,23:25,00:00
2023-05-23,00:00,03:53,04:55,05:36,21:40,22:21,23:23,00:00
2023-05-22,00:00,03:55,04:56,05:38,21:38,22:20,23:21,00:00
2023-05-21,02:04,03:58,04:58,05:39,21:37,22:18,23:18,00:00
2023-05-20,02:14,04:00,04:59,05:40,21:36,22:16,23:16,00:00
2023-05-19,02:22,04:02,05:01,05:42,21:34,22:15,23:14,00:00
2023-05-18,02:28,04:04,05:03,05:43,21:33,22:13,23:12,00:00
2023-05-17,02:34,04:06,05:04,05:44,21:31,22:11,23:09,00:00
2023-05-16,02:40,04:09,05:06,05:46,21:30,22:10,23:07,00:00
2023-05-15,02:45,04:11,05:08,05:47,21:28,22:08,23:05,00:00
2023-05-14,02:50,04:13,05:09,05:49,21:27,22:06,23:02,00:00
2023-05-13,02:55,04:16,05:11,05:50,21:25,22:04,23:00,00:00
2023-05-12,03:00,04:18,05:13,05:52,21:24,22:02,22:57,00:00
2023-05-11,03:04,04:20,05:15,05:54,21:22,22:01,22:55,00:00
2023-05-10,03:09,04:23,05:17,05:55,21:20,21:59,22:53,00:00
2023-05-09,03:13,04:25,05:19,05:57,21:19,21:57,22:50,00:00
2023-05-08,03:17,04:28,05:21,05:59,21:17,21:55,22:48,23:59
2023-05-07,03:21,04:30,05:23,06:00,21:16,21:53,22:46,23:55
2023-05-06,03:25,04:33,05:25,06:02,21:14,21:52,22:43,23:51
2023-05-05,03:29,04:35,05:27,06:04,21:12,21:50,22:41,23:48
2023-05-04,03:32,04:38,05:29,06:06,21:11,21:48,22:39,23:44
2023-05-03,03:36,04:40,05:31,06:07,21:09,21:46,22:37,23:40
2023-05-02,03:40,04:43,05:33,06:09,21:07,21:44,22:34,23:37
2023-05-01,03:43,04:45,05:35,06:11,21:06,21:42,22:32,23:34
2023-04-30,03:47,04:48,05:37,06:13,21:04,21:40,22:30,23:30
2023-04-29,03:51,04:50,05:39,06:15,21:03,21:39,22:27,23:27
2023-04-28,03:54,04:53,05:41,06:17,21:01,21:37,22:25,23:24
2023-04-27,03:58,04:55,05:43,06:19,20:59,21:35,22:23,23:21
2023-04-26,04:01,04:58,05:45,06:21,20:58,21:33,22:21,23:18
2023-04-25,04:04,05:00,05:48,06:23,20:56,21:31,22:18,23:14
2023-04-24,04:08,05:03,05:50,06:25,20:54,21:29,22:16,23:11
2023-04-23,04:11,05:06,05:52,06:27,20:52,21:27,22:14,23:08
2023-04-22,04:14,05:08,05:54,06:29,20:51,21:26,22:12,23:06
2023-04-21,04:18,05:11,05:57,06:31,20:49,21:24,22:10,23:03
2023-04-20,04:21,05:13,05:59,06:33,20:47,21:22,22:07,23:00
2023-04-19,04:24,05:16,06:01,06:35,20:46,21:20,22:05,22:57
2023-04-18,04:27,05:18,06:03,06:37,20:44,21:18,22:03,22:54
2023-04-17,04:30,05:21,06:06,06:40,20:42,21:16,22:01,22:52
2023-04-16,04:34,05:24,06:08,06:42,20:41,21:15,21:59,22:49
2023-04-15,04:37,05:26,06:10,06:44,20:39,21:13,21:57,22:46
2023-04-14,04:40,05:29,06:12,06:46,20:37,21:11,21:55,22:44
2023-04-13,04:43,05:31,06:15,06:48,20:36,21:09,21:53,22:41
2023-04-12,04:46,05:34,06:17,06:50,20:34,21:07,21:51,22:39
2023-04-11,04:49,05:36,06:19,06:53,20:32,21:06,21:49,22:36
2023-04-10,04:52,05:39,06:22,06:55,20:31,21:04,21:47,22:34
2023-04-09,04:55,05:42,06:24,06:57,20:29,21:02,21:44,22:31
2023-04-08,04:58,05:44,06:26,06:59,20:27,21:00,21:42,22:29
2023-04-07,05:01,05:47,06:29,07:02,20:26,20:58,21:40,22:26
2023-04-06,05:04,05:49,06:31,07:04,20:24,20:57,21:38,22:24
2023-04-05,05:07,05:52,06:33,07:06,20:22,20:55,21:37,22:22
2023-04-04,05:10,05:54,06:36,07:08,20:21,20:53,21:35,22:19
2023-04-03,05:12,05:57,06:38,07:11,20:19,20:51,21:33,22:17
2023-04-02,05:15,05:59,06:41,07:13,20:17,20:50,21:31,22:15
2023-04-01,05:18,06:02,06:43,07:15,20:16,20:48,21:29,22:13
2023-03-31,05:21,06:04,06:45,07:17,20:14,20:46,21:27,22:10
2023-03-30,05:24,06:07,06:48,07:20,20:12,20:44,21:25,22:08
2023-03-29,05:26,06:09,06:50,07:22,20:10,20:43,21:23,22:06
2023-03-28,05:29,06:12,06:52,07:24,20:09,20:41,21:21,22:04
2023-03-27,05:32,06:14,06:55,07:27,20:07,20:39,21:19,22:02
2023-03-26,05:35,06:17,05:57,07:29,20:05,20:37,21:17,22:00
2023-03-25,04:37,05:19,05:59,06:31,19:04,19:36,20:15,20:58
2023-03-24,04:40,05:22,06:02,06:33,19:02,19:34,20:14,20:55
2023-03-23,04:43,05:24,06:04,06:36,19:00,19:32,20:12,20:53
2023-03-22,04:45,05:27,06:06,06:38,18:59,19:30,20:10,20:51
2023-03-21,04:48,05:29,06:09,06:40,18:57,19:29,20:08,20:49
2023-03-20,04:51,05:32,06:11,06:43,18:55,19:27,20:06,20:47
2023-03-19,04:53,05:34,06:13,06:45,18:54,19:25,20:04,20:45
2023-03-18,04:56,05:36,06:16,06:47,18:52,19:23,20:03,20:43
2023-03-17,04:58,05:39,06:18,06:49,18:50,19:22,20:01,20:41
2023-03-16,05:01,05:41,06:20,06:52,18:48,19:20,19:59,20:39
2023-03-15,05:03,05:43,06:22,06:54,18:47,19:18,19:57,20:38
2023-03-14,05:06,05:46,06:25,06:56,18:45,19:17,19:56,20:36
2023-03-13,05:08,05:48,06:27,06:59,18:43,19:15,19:54,20:34
2023-03-12,05:11,05:50,06:29,07:01,18:42,19:13,19:52,20:32
2023-03-11,05:13,05:53,06:32,07:03,18:40,19:11,19:50,20:30
2023-03-10,05:15,05:55,06:34,07:05,18:38,19:10,19:48,20:28
2023-03-09,05:18,05:57,06:36,07:08,18:36,19:08,19:47,20:26
2023-03-08,05:20,05:59,06:38,07:10,18:35,19:06,19:45,20:24
2023-03-07,05:22,06:02,06:40,07:12,18:33,19:05,19:43,20:23
2023-03-06,05:25,06:04,06:43,07:14,18:31,19:03,19:41,20:21
2023-03-05,05:27,06:06,06:45,07:16,18:29,19:01,19:40,20:19
2023-03-04,05:29,06:08,06:47,07:19,18:28,18:59,19:38,20:17
2023-03-03,05:31,06:10,06:49,07:21,18:26,18:58,19:36,20:15
2023-03-02,05:34,06:13,06:51,07:23,18:24,18:56,19:35,20:14
2023-03-01,05:36,06:15,06:53,07:25,18:22,18:54,19:33,20:12
2023-02-28,05:38,06:17,06:55,07:27,18:21,18:52,19:31,20:10
2023-02-27,05:40,06:19,06:58,07:29,18:19,18:51,19:29,20:08
2023-02-26,05:42,06:21,07:00,07:32,18:17,18:49,19:28,20:07
2023-02-25,05:44,06:23,07:02,07:34,18:15,18:47,19:26,20:05
2023-02-24,05:46,06:25,07:04,07:36,18:13,18:46,19:24,20:03
2023-02-23,05:48,06:27,07:06,07:38,18:12,18:44,19:23,20:01
2023-02-22,05:50,06:29,07:08,07:40,18:10,18:42,19:21,20:00
2023-02-21,05:52,06:31,07:10,07:42,18:08,18:40,19:19,19:58
2023-02-20,05:54,06:33,07:12,07:44,18:06,18:39,19:18,19:56
2023-02-19,05:56,06:35,07:14,07:46,18:04,18:37,19:16,19:54
2023-02-18,05:58,06:36,07:15,07:48,18:03,18:35,19:14,19:53
2023-02-17,06:00,06:38,07:17,07:50,18:01,18:33,19:12,19:51
2023-02-16,06:01,06:40,07:19,07:52,17:59,18:32,19:11,19:49
2023-02-15,06:03,06:42,07:21,07:54,17:57,18:30,19:09,19:48
2023-02-14,06:05,06:44,07:23,07:56,17:55,18:28,19:07,19:46
2023-02-13,06:07,06:45,07:25,07:58,17:54,18:27,19:06,19:44
2023-02-12,06:08,06:47,07:26,07:59,17:52,18:25,19:04,19:43
2023-02-11,06:10,06:49,07:28,08:01,17:50,18:23,19:02,19:41
2023-02-10,06:12,06:50,07:30,08:03,17:48,18:21,19:01,19:40
2023-02-09,06:13,06:52,07:31,08:05,17:46,18:20,18:59,19:38
2023-02-08,06:15,06:53,07:33,08:07,17:44,18:18,18:58,19:36
2023-02-07,06:16,06:55,07:35,08:08,17:43,18:16,18:56,19:35
2023-02-06,06:18,06:57,07:36,08:10,17:41,18:14,18:54,19:33
2023-02-05,06:19,06:58,07:38,08:12,17:39,18:13,18:53,19:32
2023-02-04,06:20,06:59,07:39,08:13,17:37,18:11,18:51,19:30
2023-02-03,06:22,07:01,07:41,08:15,17:35,18:09,18:49,19:28
2023-02-02,06:23,07:02,07:42,08:17,17:33,18:08,18:48,19:27
2023-02-01,06:24,07:04,07:44,08:18,17:32,18:06,18:46,19:25
2023-01-31,06:26,07:05,07:45,08:20,17:30,18:04,18:45,19:24
2023-01-30,06:27,07:06,07:47,08:21,17:28,18:03,18:43,19:22
2023-01-29,06:28,07:07,07:48,08:23,17:26,18:01,18:42,19:21
2023-01-28,06:29,07:09,07:49,08:24,17:24,17:59,18:40,19:19
2023-01-27,06:30,07:10,07:50,08:25,17:23,17:58,18:38,19:18
2023-01-26,06:31,07:11,07:52,08:27,17:21,17:56,18:37,19:16
2023-01-25,06:32,07:12,07:53,08:28,17:19,17:54,18:35,19:15
2023-01-24,06:33,07:13,07:54,08:29,17:17,17:53,18:34,19:13
2023-01-23,06:34,07:14,07:55,08:31,17:16,17:51,18:32,19:12
2023-01-22,06:35,07:15,07:56,08:32,17:14,17:50,18:31,19:11
2023-01-21,06:36,07:16,07:57,08:33,17:12,17:48,18:30,19:09
2023-01-20,06:37,07:17,07:58,08:34,17:11,17:47,18:28,19:08
2023-01-19,06:38,07:17,07:59,08:35,17:09,17:45,18:27,19:07
2023-01-18,06:38,07:18,08:00,08:36,17:07,17:44,18:25,19:05
2023-01-17,06:39,07:19,08:01,08:37,17:06,17:42,18:24,19:04
2023-01-16,06:40,07:20,08:01,08:38,17:04,17:41,18:23,19:03
2023-01-15,06:40,07:20,08:02,08:39,17:03,17:39,18:21,19:01
2023-01-14,06:41,07:21,08:03,08:39,17:01,17:38,18:20,19:00
2023-01-13,06:41,07:21,08:03,08:40,17:00,17:36,18:19,18:59
2023-01-12,06:42,07:22,08:04,08:41,16:58,17:35,18:17,18:58
2023-01-11,06:42,07:22,08:05,08:42,16:57,17:34,18:16,18:56
2023-01-10,06:42,07:23,08:05,08:42,16:55,17:32,18:15,18:55
2023-01-09,06:43,07:23,08:06,08:43,16:54,17:31,18:14,18:54
2023-01-08,06:43,07:23,08:06,08:43,16:53,17:30,18:13,18:53
2023-01-07,06:43,07:24,08:06,08:44,16:51,17:29,18:11,18:52
2023-01-06,06:43,07:24,08:07,08:44,16:50,17:28,18:10,18:51
2023-01-05,06:44,07:24,08:07,08:44,16:49,17:26,18:09,18:50
2023-01-04,06:44,07:24,08:07,08:45,16:48,17:25,18:08,18:49
2023-01-03,06:44,07:24,08:07,08:45,16:47,17:24,18:07,18:48
2023-01-02,06:44,07:24,08:07,08:45,16:45,17:23,18:06,18:47
2023-01-01,06:44,07:24,08:07,08:45,16:44,17:22,18:05,18:46
2022-12-31,06:44,07:24,08:07,08:45,16:43,17:21,18:04,18:45
2022-12-30,06:43,07:24,08:07,08:45,16:42,17:20,18:04,18:44
2022-12-29,06:43,07:24,08:07,08:45,16:42,17:20,18:03,18:43
2022-12-28,06:43,07:24,08:07,08:45,16:41,17:19,18:02,18:43
2022-12-27,06:43,07:24,08:07,08:45,16:40,17:18,18:01,18:42
2022-12-26,06:43,07:23,08:07,08:45,16:39,17:17,18:00,18:41
2022-12-25,06:42,07:23,08:06,08:45,16:38,17:17,18:00,18:41
2022-12-24,06:42,07:23,08:06,08:44,16:38,17:16,17:59,18:40
2022-12-23,06:41,07:22,08:06,08:44,16:37,17:15,17:59,18:39
2022-12-22,06:41,07:22,08:05,08:43,16:37,17:15,17:58,18:39
2022-12-21,06:40,07:21,08:05,08:43,16:36,17:14,17:57,18:38
2022-12-20,06:40,07:21,08:04,08:42,16:36,17:14,17:57,18:38
2022-12-19,06:39,07:20,08:04,08:42,16:35,17:13,17:57,18:38
2022-12-18,06:39,07:20,08:03,08:41,16:35,17:13,17:56,18:37
2022-12-17,06:38,07:19,08:02,08:40,16:35,17:13,17:56,18:37
2022-12-16,06:37,07:18,08:02,08:40,16:34,17:12,17:56,18:36
2022-12-15,06:37,07:18,08:01,08:39,16:34,17:12,17:55,18:36
2022-12-14,06:36,07:17,08:00,08:38,16:34,17:12,17:55,18:36
2022-12-13,06:35,07:16,07:59,08:37,16:34,17:12,17:55,18:36
2022-12-12,06:34,07:15,07:58,08:36,16:34,17:12,17:55,18:36
2022-12-11,06:34,07:14,07:57,08:35,16:34,17:12,17:55,18:36
2022-12-10,06:33,07:13,07:56,08:34,16:34,17:12,17:55,18:36
2022-12-09,06:32,07:12,07:55,08:33,16:34,17:12,17:55,18:36
2022-12-08,06:31,07:11,07:54,08:32,16:35,17:12,17:55,18:36
2022-12-07,06:30,07:10,07:53,08:31,16:35,17:12,17:55,18:36
2022-12-06,06:29,07:09,07:52,08:30,16:35,17:13,17:55,18:36
2022-12-05,06:28,07:08,07:51,08:28,16:36,17:13,17:56,18:36
2022-12-04,06:27,07:07,07:50,08:27,16:36,17:13,17:56,18:36
2022-12-03,06:26,07:06,07:49,08:26,16:37,17:14,17:56,18:37
2022-12-02,06:25,07:05,07:47,08:24,16:37,17:14,17:57,18:37
2022-12-01,06:23,07:04,07:46,08:23,16:38,17:15,17:57,18:37
2022-11-30,06:22,07:03,07:45,08:22,16:38,17:15,17:58,18:38
2022-11-29,06:21,07:01,07:43,08:20,16:39,17:16,17:58,18:38
2022-11-28,06:20,07:00,07:42,08:19,16:40,17:17,17:59,18:39
2022-11-27,06:19,06:59,07:41,08:17,16:41,17:17,17:59,18:39
2022-11-26,06:17,06:57,07:39,08:16,16:42,17:18,18:00,18:40
2022-11-25,06:16,06:56,07:38,08:14,16:42,17:19,18:01,18:41
2022-11-24,06:15,06:55,07:36,08:13,16:43,17:20,18:01,18:41
2022-11-23,06:14,06:53,07:35,08:11,16:44,17:21,18:02,18:42
2022-11-22,06:12,06:52,07:34,08:10,16:45,17:21,18:03,18:43
2022-11-21,06:11,06:51,07:32,08:08,16:47,17:22,18:04,18:44
2022-11-20,06:10,06:49,07:31,08:06,16:48,17:23,18:05,18:44
2022-11-19,06:08,06:48,07:29,08:05,16:49,17:24,18:06,18:45
2022-11-18,06:07,06:46,07:28,08:03,16:50,17:26,18:07,18:46
2022-11-17,06:05,06:45,07:26,08:01,16:51,17:27,18:08,18:47
2022-11-16,06:04,06:44,07:24,08:00,16:53,17:28,18:09,18:48
2022-11-15,06:03,06:42,07:23,07:58,16:54,17:29,18:10,18:49
2022-11-14,06:01,06:41,07:21,07:56,16:55,17:30,18:11,18:50
2022-11-13,06:00,06:39,07:20,07:54,16:57,17:32,18:12,18:52
2022-11-12,05:58,06:38,07:18,07:53,16:58,17:33,18:13,18:53
2022-11-11,05:57,06:36,07:16,07:51,17:00,17:34,18:15,18:54
2022-11-10,05:55,06:35,07:15,07:49,17:01,17:36,18:16,18:55
2022-11-09,05:54,06:33,07:13,07:48,17:03,17:37,18:17,18:56
2022-11-08,05:52,06:31,07:12,07:46,17:04,17:39,18:19,18:58
2022-11-07,05:51,06:30,07:10,07:44,17:06,17:40,18:20,18:59
2022-11-06,05:49,06:28,07:08,07:42,17:08,17:42,18:22,19:01
2022-11-05,05:48,06:27,07:07,07:40,17:09,17:43,18:23,19:02
2022-11-04,05:46,06:25,07:05,07:39,17:11,17:45,18:25,19:04
2022-11-03,05:45,06:24,07:03,07:37,17:13,17:47,18:26,19:05
2022-11-02,05:43,06:22,07:02,07:35,17:15,17:48,18:28,19:07
2022-11-01,05:42,06:21,07:00,07:33,17:16,17:50,18:29,19:08
2022-10-31,05:40,06:19,06:58,07:32,17:18,17:52,18:31,19:10
2022-10-30,05:39,06:17,06:57,07:30,17:20,17:53,18:33,19:11
2022-10-29,06:37,07:16,07:55,08:28,18:22,18:55,19:34,20:13
2022-10-28,06:35,07:14,07:53,08:26,18:24,18:57,19:36,20:15
2022-10-27,06:34,07:13,07:52,08:25,18:26,18:59,19:38,20:17
2022-10-26,06:32,07:11,07:50,08:23,18:28,19:01,19:40,20:18
2022-10-25,06:31,07:09,07:48,08:21,18:30,19:02,19:42,20:20
2022-10-24,06:29,07:08,07:47,08:19,18:32,19:04,19:43,20:22
2022-10-23,06:28,07:06,07:45,08:18,18:34,19:06,19:45,20:24
2022-10-22,06:26,07:05,07:43,08:16,18:36,19:08,19:47,20:26
2022-10-21,06:24,07:03,07:42,08:14,18:38,19:10,19:49,20:28
2022-10-20,06:23,07:01,07:40,08:12,18:40,19:12,19:51,20:30
2022-10-19,06:21,07:00,07:39,08:11,18:42,19:14,19:53,20:32
2022-10-18,06:19,06:58,07:37,08:09,18:44,19:16,19:55,20:34
2022-10-17,06:18,06:56,07:35,08:07,18:46,19:18,19:57,20:36
2022-10-16,06:16,06:55,07:34,08:06,18:48,19:20,19:59,20:38
2022-10-15,06:14,06:53,07:32,08:04,18:50,19:22,20:01,20:40
2022-10-14,06:13,06:52,07:30,08:02,18:53,19:25,20:03,20:42
2022-10-13,06:11,06:50,07:29,08:01,18:55,19:27,20:05,20:44
2022-10-12,06:09,06:48,07:27,07:59,18:57,19:29,20:07,20:46
2022-10-11,06:08,06:47,07:25,07:57,18:59,19:31,20:10,20:49
2022-10-10,06:06,06:45,07:24,07:55,19:01,19:33,20:12,20:51
2022-10-09,06:04,06:43,07:22,07:54,19:04,19:35,20:14,20:53
2022-10-08,06:03,06:42,07:20,07:52,19:06,19:37,20:16,20:55
2022-10-07,06:01,06:40,07:19,07:50,19:08,19:40,20:18,20:58
2022-10-06,05:59,06:38,07:17,07:49,19:10,19:42,20:21,21:00
2022-10-05,05:57,06:37,07:16,07:47,19:12,19:44,20:23,21:02
2022-10-04,05:56,06:35,07:14,07:45,19:15,19:46,20:25,21:05
2022-10-03,05:54,06:33,07:12,07:44,19:17,19:49,20:27,21:07
2022-10-02,05:52,06:32,07:11,07:42,19:19,19:51,20:30,21:09
2022-10-01,05:50,06:30,07:09,07:41,19:22,19:53,20:32,21:12
2022-09-30,05:48,06:28,07:07,07:39,19:24,19:55,20:34,21:14
2022-09-29,05:47,06:27,07:06,07:37,19:26,19:58,20:37,21:17
2022-09-28,05:45,06:25,07:04,07:36,19:28,20:00,20:39,21:19
2022-09-27,05:43,06:23,07:02,07:34,19:31,20:02,20:41,21:22
2022-09-26,05:41,06:22,07:01,07:32,19:33,20:05,20:44,21:24
2022-09-25,05:39,06:20,06:59,07:31,19:35,20:07,20:46,21:27
2022-09-24,05:37,06:18,06:58,07:29,19:38,20:09,20:49,21:29
2022-09-23,05:35,06:16,06:56,07:28,19:40,20:12,20:51,21:32
2022-09-22,05:34,06:15,06:54,07:26,19:42,20:14,20:53,21:35
2022-09-21,05:32,06:13,06:53,07:24,19:45,20:16,20:56,21:37
2022-09-20,05:30,06:11,06:51,07:23,19:47,20:19,20:58,21:40
2022-09-19,05:28,06:10,06:49,07:21,19:49,20:21,21:01,21:43
2022-09-18,05:26,06:08,06:48,07:20,19:52,20:23,21:03,21:45
2022-09-17,05:24,06:06,06:46,07:18,19:54,20:26,21:06,21:48
2022-09-16,05:22,06:04,06:44,07:16,19:56,20:28,21:08,21:51
2022-09-15,05:20,06:02,06:43,07:15,19:58,20:30,21:11,21:54
2022-09-14,05:18,06:01,06:41,07:13,20:01,20:33,21:13,21:56
2022-09-13,05:16,05:59,06:39,07:12,20:03,20:35,21:16,21:59
2022-09-12,05:13,05:57,06:38,07:10,20:05,20:38,21:18,22:02
2022-09-11,05:11,05:55,06:36,07:08,20:08,20:40,21:21,22:05
2022-09-10,05:09,05:53,06:34,07:07,20:10,20:42,21:23,22:08
2022-09-09,05:07,05:51,06:33,07:05,20:12,20:45,21:26,22:10
2022-09-08,05:05,05:50,06:31,07:04,20:15,20:47,21:29,22:13
2022-09-07,05:03,05:48,06:29,07:02,20:17,20:49,21:31,22:16
2022-09-06,05:00,05:46,06:28,07:00,20:19,20:52,21:34,22:19
2022-09-05,04:58,05:44,06:26,06:59,20:21,20:54,21:36,22:22
2022-09-04,04:56,05:42,06:24,06:57,20:24,20:57,21:39,22:25
2022-09-03,04:54,05:40,06:23,06:56,20:26,20:59,21:41,22:28
2022-09-02,04:51,05:38,06:21,06:54,20:28,21:01,21:44,22:31
2022-09-01,04:49,05:36,06:19,06:52,20:30,21:04,21:47,22:34
2022-08-31,04:46,05:34,06:17,06:51,20:33,21:06,21:49,22:37
2022-08-30,04:44,05:32,06:16,06:49,20:35,21:08,21:52,22:40
2022-08-29,04:42,05:30,06:14,06:48,20:37,21:11,21:54,22:43
2022-08-28,04:39,05:28,06:12,06:46,20:39,21:13,21:57,22:46
2022-08-27,04:36,05:26,06:10,06:44,20:42,21:15,22:00,22:49
2022-08-26,04:34,05:24,06:09,06:43,20:44,21:18,22:02,22:52
2022-08-25,04:31,05:22,06:07,06:41,20:46,21:20,22:05,22:56
2022-08-24,04:29,05:20,06:05,06:40,20:48,21:22,22:07,22:59
2022-08-23,04:26,05:18,06:03,06:38,20:50,21:25,22:10,23:02
2022-08-22,04:23,05:16,06:02,06:36,20:52,21:27,22:13,23:05
2022-08-21,04:21,05:14,06:00,06:35,20:54,21:29,22:15,23:09
2022-08-20,04:18,05:12,05:58,06:33,20:56,21:31,22:18,23:12
2022-08-19,04:15,05:10,05:56,06:31,20:59,21:34,22:20,23:15
2022-08-18,04:12,05:08,05:55,06:30,21:01,21:36,22:23,23:18
2022-08-17,04:09,05:05,05:53,06:28,21:03,21:38,22:25,23:22
2022-08-16,04:06,05:03,05:51,06:27,21:05,21:40,22:28,23:25
2022-08-15,04:03,05:01,05:49,06:25,21:07,21:42,22:31,23:29
2022-08-14,04:00,04:59,05:48,06:23,21:09,21:45,22:33,23:32
2022-08-13,03:57,04:57,05:46,06:22,21:11,21:47,22:36,23:36
2022-08-12,03:54,04:55,05:44,06:20,21:13,21:49,22:38,23:39
2022-08-11,03:50,04:52,05:42,06:19,21:15,21:51,22:41,23:43
2022-08-10,03:47,04:50,05:40,06:17,21:16,21:53,22:43,23:46
2022-08-09,03:44,04:48,05:39,06:16,21:18,21:55,22:46,23:50
2022-08-08,03:40,04:46,05:37,06:14,21:20,21:57,22:48,23:54
2022-08-07,03:37,04:43,05:35,06:12,21:22,21:59,22:51,23:58
2022-08-06,03:33,04:41,05:33,06:11,21:24,22:01,22:53,00:00
2022-08-05,03:29,04:39,05:31,06:09,21:26,22:03,22:56,00:00
2022-08-04,03:25,04:37,05:30,06:08,21:27,22:05,22:58,00:00
2022-08-03,03:21,04:34,05:28,06:06,21:29,22:07,23:01,00:00
2022-08-02,03:17,04:32,05:26,06:05,21:31,22:09,23:03,00:00
2022-08-01,03:13,04:30,05:24,06:03,21:32,22:11,23:06,00:00
2022-07-31,03:09,04:28,05:23,06:02,21:34,22:13,23:08,00:00
2022-07-30,03:04,04:25,05:21,06:00,21:36,22:15,23:10,00:00
2022-07-29,03:00,04:23,05:19,05:59,21:37,22:17,23:13,00:00
2022-07-28,02:55,04:21,05:18,05:57,21:39,22:18,23:15,00:00
2022-07-27,02:49,04:18,05:16,05:56,21:40,22:20,23:17,00:00
2022-07-26,02:44,04:16,05:14,05:54,21:42,22:22,23:20,00:00
2022-07-25,02:37,04:14,05:12,05:53,21:43,22:23,23:22,00:00
2022-07-24,02:30,04:12,05:11,05:51,21:44,22:25,23:24,00:00
2022-07-23,02:22,04:09,05:09,05:50,21:46,22:27,23:26,00:00
2022-07-22,02:12,04:07,05:08,05:49,21:47,22:28,23:29,00:00
2022-07-21,00:00,04:05,05:06,05:47,21:48,22:30,23:31,00:00
2022-07-20,00:00,04:03,05:04,05:46,21:50,22:31,23:33,00:00
2022-07-19,00:00,04:00,05:03,05:45,21:51,22:33,23:35,00:00
2022-07-18,00:00,03:58,05:01,05:43,21:52,22:34,23:37,00:00
2022-07-17,00:00,03:56,05:00,05:42,21:53,22:35,23:39,00:00
2022-07-16,00:00,03:54,04:58,05:41,21:54,22:37,23:41,00:00
2022-07-15,00:00,03:52,04:57,05:40,21:55,22:38,23:43,00:00
2022-07-14,00:00,03:50,04:56,05:38,21:56,22:39,23:45,00:00
2022-07-13,00:00,03:48,04:54,05:37,21:57,22:40,23:46,00:00
2022-07-12,00:00,03:46,04:53,05:36,21:58,22:41,23:48,00:00
2022-07-11,00:00,03:44,04:52,05:35,21:59,22:42,23:50,00:00
2022-07-10,00:00,03:42,04:50,05:34,22:00,22:43,23:51,00:00
2022-07-09,00:00,03:40,04:49,05:33,22:00,22:44,23:53,00:00
2022-07-08,00:00,03:39,04:48,05:32,22:01,22:45,23:54,00:00
2022-07-07,00:00,03:37,04:47,05:31,22:02,22:46,23:56,00:00
2022-07-06,00:00,03:35,04:46,05:30,22:02,22:47,23:57,00:00
2022-07-05,00:00,03:34,04:45,05:29,22:03,22:47,23:58,00:00
2022-07-04,00:00,03:32,04:44,05:28,22:03,22:48,00:00,00:00
2022-07-03,00:00,03:31,04:43,05:27,22:04,22:49,00:00,00:00
2022-07-02,00:00,03:29,04:42,05:27,22:04,22:49,00:00,00:00
2022-07-01,00:00,03:28,04:41,05:26,22:05,22:50,00:00,00:00
2022-06-30,00:00,03:27,04:40,05:25,22:05,22:50,00:00,00:00
2022-06-29,00:00,03:26,04:39,05:25,22:05,22:50,00:00,00:00
2022-06-28,00:00,03:25,04:39,05:24,22:05,22:51,00:00,00:00
2022-06-27,00:00,03:24,04:38,05:24,22:05,22:51,00:00,00:00
2022-06-26,00:00,03:23,04:38,05:23,22:05,22:51,00:00,00:00
2022-06-25,00:00,03:22,04:37,05:23,22:06,22:51,00:00,00:00
2022-06-24,00:00,03:22,04:37,05:22,22:05,22:51,00:00,00:00
2022-06-23,00:00,03:21,04:36,05:22,22:05,22:51,00:00,00:00
2022-06-22,00:00,03:21,04:36,05:22,22:05,22:51,00:00,00:00
2022-06-21,00:00,03:20,04:36,05:21,22:05,22:51,00:00,00:00
2022-06-20,00:00,03:20,04:35,05:21,22:05,22:51,00:00,00:00
2022-06-19,00:00,03:20,04:35,05:21,22:05,22:50,00:00,00:00
2022-06-18,00:00,03:20,04:35,05:21,22:04,22:50,00:00,00:00
2022-06-17,00:00,03:20,04:35,05:21,22:04,22:49,00:00,00:00
2022-06-16,00:00,03:21,04:35,05:21,22:03,22:49,00:00,00:00
2022-06-15,00:00,03:21,04:35,05:21,22:03,22:48,00:00,00:00
2022-06-14,00:00,03:21,04:36,05:21,22:02,22:48,00:00,00:00
2022-06-13,00:00,03:22,04:36,05:21,22:02,22:47,00:00,00:00
2022-06-12,00:00,03:23,04:36,05:21,22:01,22:46,00:00,00:00
2022-06-11,00:00,03:23,04:37,05:22,22:00,22:46,23:59,00:00
2022-06-10,00:00,03:24,04:37,05:22,22:00,22:45,23:57,00:00
2022-06-09,00:00,03:25,04:37,05:22,21:59,22:44,23:56,00:00
2022-06-08,00:00,03:26,04:38,05:23,21:58,22:43,23:55,00:00
2022-06-07,00:00,03:28,04:39,05:23,21:57,22:42,23:53,00:00
2022-06-06,00:00,03:29,04:39,05:24,21:56,22:41,23:51,00:00
2022-06-05,00:00,03:30,04:40,05:24,21:55,22:40,23:50,00:00
2022-06-04,00:00,03:31,04:41,05:25,21:54,22:39,23:48,00:00
2022-06-03,00:00,03:33,04:42,05:26,21:53,22:37,23:46,00:00
2022-06-02,00:00,03:34,04:43,05:26,21:52,22:36,23:44,00:00
2022-06-01,00:00,03:36,04:44,05:27,21:51,22:35,23:42,00:00
2022-05-31,00:00,03:38,04:45,05:28,21:50,22:34,23:40,00:00
2022-05-30,00:00,03:39,04:46,05:29,21:49,22:32,23:38,00:00
2022-05-29,00:00,03:41,04:47,05:30,21:48,22:31,23:36,00:00
2022-05-28,00:00,03:43,04:48,05:31,21:47,22:29,23:34,00:00
2022-05-27,00:00,03:45,04:49,05:32,21:45,22:28,23:32,00:00
2022-05-26,00:00,03:47,04:51,05:33,21:44,22:26,23:30,00:00
2022-05-25,00:00,03:49,04:52,05:34,21:43,22:25,23:28,00:00
2022-05-24,00:00,03:51,04:53,05:35,21:42,22:23,23:26,00:00
2022-05-23,00:00,03:53,04:55,05:36,21:40,22:22,23:23,00:00
2022-05-22,00:00,03:55,04:56,05:37,21:39,22:20,23:21,00:00
2022-05-21,02:01,03:57,04:58,05:39,21:37,22:18,23:19,00:00
2022-05-20,02:12,03:59,04:59,05:40,21:36,22:17,23:17,00:00
2022-05-19,02:20,04:01,05:01,05:41,21:35,22:15,23:14,00:00
2022-05-18,02:27,04:04,05:02,05:43,21:33,22:13,23:12,00:00
2022-05-17,02:33,04:06,05:04,05:44,21:32,22:12,23:10,00:00
2022-05-16,02:39,04:08,05:06,05:45,21:30,22:10,23:07,00:00
2022-05-15,02:44,04:10,05:07,05:47,21:29,22:08,23:05,00:00
2022-05-14,02:49,04:13,05:09,05:48,21:27,22:06,23:03,00:00
2022-05-13,02:54,04:15,05:11,05:50,21:26,22:05,23:00,00:00
2022-05-12,02:59,04:17,05:13,05:52,21:24,22:03,22:58,00:00
2022-05-11,03:03,04:20,05:14,05:53,21:22,22:01,22:56,00:00
2022-05-10,03:08,04:22,05:16,05:55,21:21,21:59,22:53,00:00
2022-05-09,03:12,04:25,05:18,05:56,21:19,21:57,22:51,00:00
2022-05-08,03:16,04:27,05:20,05:58,21:18,21:56,22:49,00:00
2022-05-07,03:20,04:30,05:22,06:00,21:16,21:54,22:46,23:56
2022-05-06,03:24,04:32,05:24,06:02,21:14,21:52,22:44,23:52
2022-05-05,03:28,04:34,05:26,06:03,21:13,21:50,22:42,23:48
2022-05-04,03:32,04:37,05:28,06:05,21:11,21:48,22:39,23:45
2022-05-03,03:35,04:39,05:30,06:07,21:10,21:46,22:37,23:41
2022-05-02,03:39,04:42,05:32,06:09,21:08,21:45,22:35,23:38
2022-05-01,03:43,04:45,05:34,06:11,21:06,21:43,22:32,23:34
2022-04-30,03:46,04:47,05:36,06:13,21:05,21:41,22:30,23:31
2022-04-29,03:50,04:50,05:38,06:15,21:03,21:39,22:28,23:28
2022-04-28,03:53,04:52,05:41,06:17,21:01,21:37,22:26,23:25
2022-04-27,03:57,04:55,05:43,06:18,21:00,21:35,22:23,23:21
2022-04-26,04:00,04:57,05:45,06:20,20:58,21:33,22:21,23:18
2022-04-25,04:04,05:00,05:47,06:22,20:56,21:32,22:19,23:15
2022-04-24,04:07,05:02,05:49,06:24,20:55,21:30,22:17,23:12
2022-04-23,04:10,05:05,05:52,06:27,20:53,21:28,22:15,23:09
2022-04-22,04:14,05:07,05:54,06:29,20:51,21:26,22:12,23:06
2022-04-21,04:17,05:10,05:56,06:31,20:50,21:24,22:10,23:03
2022-04-20,04:20,05:13,05:58,06:33,20:48,21:22,22:08,23:01
2022-04-19,04:23,05:15,06:00,06:35,20:46,21:21,22:06,22:58
2022-04-18,04:26,05:18,06:03,06:37,20:45,21:19,22:04,22:55
2022-04-17,04:30,05:20,06:05,06:39,20:43,21:17,22:02,22:52
2022-04-16,04:33,05:23,06:07,06:41,20:41,21:15,21:59,22:50
2022-04-15,04:36,05:26,06:10,06:43,20:39,21:13,21:57,22:47
2022-04-14,04:39,05:28,06:12,06:46,20:38,21:11,21:55,22:44
2022-04-13,04:42,05:31,06:14,06:48,20:36,21:10,21:53,22:42
2022-04-12,04:45,05:33,06:17,06:50,20:34,21:08,21:51,22:39
2022-04-11,04:48,05:36,06:19,06:52,20:33,21:06,21:49,22:37
2022-04-10,04:51,05:38,06:21,06:54,20:31,21:04,21:47,22:34
2022-04-09,04:54,05:41,06:24,06:57,20:29,21:02,21:45,22:32
2022-04-08,04:57,05:44,06:26,06:59,20:28,21:01,21:43,22:29
2022-04-07,05:00,05:46,06:28,07:01,20:26,20:59,21:41,22:27
2022-04-06,05:03,05:49,06:31,07:03,20:24,20:57,21:39,22:25
2022-04-05,05:06,05:51,06:33,07:06,20:23,20:55,21:37,22:22
2022-04-04,05:09,05:54,06:35,07:08,20:21,20:53,21:35,22:20
2022-04-03,05:12,05:56,06:38,07:10,20:19,20:52,21:33,22:18
2022-04-02,05:15,05:59,06:40,07:12,20:18,20:50,21:31,22:15
2022-04-01,05:17,06:01,06:42,07:15,20:16,20:48,21:29,22:13
2022-03-31,05:20,06:04,06:45,07:17,20:14,20:46,21:27,22:11
2022-03-30,05:23,06:06,06:47,07:19,20:13,20:45,21:25,22:09
2022-03-29,05:26,06:09,06:49,07:21,20:11,20:43,21:23,22:07
2022-03-28,05:29,06:11,06:52,07:24,20:09,20:41,21:22,22:04
2022-03-27,05:31,06:14,06:54,07:26,20:07,20:39,21:20,22:02
2022-03-26,04:34,05:16,05:56,06:28,19:06,19:38,20:18,21:00
2022-03-25,04:37,05:19,05:59,06:31,19:04,19:36,20:16,20:58
2022-03-24,04:39,05:21,06:01,06:33,19:02,19:34,20:14,20:56
2022-03-23,04:42,05:24,06:03,06:35,19:01,19:32,20:12,20:54
2022-03-22,04:45,05:26,06:06,06:37,18:59,19:31,20:10,20:52
2022-03-21,04:47,05:29,06:08,06:40,18:57,19:29,20:09,20:50
2022-03-20,04:50,05:31,06:10,06:42,18:56,19:27,20:07,20:48
2022-03-19,04:52,05:33,06:13,06:44,18:54,19:26,20:05,20:46
2022-03-18,04:55,05:36,06:15,06:47,18:52,19:24,20:03,20:44
2022-03-17,04:58,05:38,06:17,06:49,18:51,19:22,20:01,20:42
2022-03-16,05:00,05:41,06:20,06:51,18:49,19:20,20:00,20:40
2022-03-15,05:03,05:43,06:22,06:53,18:47,19:19,19:58,20:38
2022-03-14,05:05,05:45,06:24,06:56,18:45,19:17,19:56,20:36
2022-03-13,05:08,05:48,06:26,06:58,18:44,19:15,19:54,20:34
2022-03-12,05:10,05:50,06:29,07:00,18:42,19:14,19:52,20:32
2022-03-11,05:12,05:52,06:31,07:03,18:40,19:12,19:51,20:30
2022-03-10,05:15,05:54,06:33,07:05,18:39,19:10,19:49,20:29
2022-03-09,05:17,05:57,06:35,07:07,18:37,19:08,19:47,20:27
2022-03-08,05:19,05:59,06:38,07:09,18:35,19:07,19:45,20:25
2022-03-07,05:22,06:01,06:40,07:11,18:33,19:05,19:44,20:23
2022-03-06,05:24,06:03,06:42,07:14,18:32,19:03,19:42,20:21
2022-03-05,05:26,06:06,06:44,07:16,18:30,19:01,19:40,20:19
2022-03-04,05:29,06:08,06:46,07:18,18:28,19:00,19:38,20:18
2022-03-03,05:31,06:10,06:49,07:20,18:26,18:58,19:37,20:16
2022-03-02,05:33,06:12,06:51,07:22,18:25,18:56,19:35,20:14
2022-03-01,05:35,06:14,06:53,07:25,18:23,18:55,19:33,20:12
2022-02-28,05:37,06:16,06:55,07:27,18:21,18:53,19:32,20:10
2022-02-27,05:39,06:18,06:57,07:29,18:19,18:51,19:30,20:09
2022-02-26,05:42,06:20,06:59,07:31,18:17,18:49,19:28,20:07
2022-02-25,05:44,06:22,07:01,07:33,18:16,18:48,19:26,20:05
2022-02-24,05:46,06:24,07:03,07:35,18:14,18:46,19:25,20:03
2022-02-23,05:48,06:26,07:05,07:37,18:12,18:44,19:23,20:02
2022-02-22,05:50,06:28,07:07,07:39,18:10,18:43,19:21,20:00
2022-02-21,05:52,06:30,07:09,07:41,18:08,18:41,19:20,19:58
2022-02-20,05:54,06:32,07:11,07:43,18:07,18:39,19:18,19:57
2022-02-19,05:55,06:34,07:13,07:46,18:05,18:37,19:16,19:55
2022-02-18,05:57,06:36,07:15,07:47,18:03,18:36,19:15,19:53
2022-02-17,05:59,06:38,07:17,07:49,18:01,18:34,19:13,19:52
2022-02-16,06:01,06:40,07:19,07:51,17:59,18:32,19:11,19:50
2022-02-15,06:03,06:41,07:21,07:53,17:58,18:30,19:10,19:48
2022-02-14,06:05,06:43,07:22,07:55,17:56,18:29,19:08,19:47
2022-02-13,06:06,06:45,07:24,07:57,17:54,18:27,19:06,19:45
2022-02-12,06:08,06:47,07:26,07:59,17:52,18:25,19:05,19:43
2022-02-11,06:10,06:48,07:28,08:01,17:50,18:23,19:03,19:42
2022-02-10,06:11,06:50,07:29,08:03,17:48,18:22,19:01,19:40
2022-02-09,06:13,06:52,07:31,08:04,17:47,18:20,19:00,19:38
2022-02-08,06:14,06:53,07:33,08:06,17:45,18:18,18:58,19:37
2022-02-07,06:16,06:55,07:34,08:08,17:43,18:17,18:56,19:35
2022-02-06,06:17,06:56,07:36,08:10,17:41,18:15,18:55,19:34
2022-02-05,06:19,06:58,07:38,08:11,17:39,18:13,18:53,19:32
2022-02-04,06:20,06:59,07:39,08:13,17:38,18:11,18:51,19:30
2022-02-03,06:22,07:01,07:41,08:15,17:36,18:10,18:50,19:29
2022-02-02,06:23,07:02,07:42,08:16,17:34,18:08,18:48,19:27
2022-02-01,06:24,07:03,07:43,08:18,17:32,18:06,18:47,19:26
2022-01-31,06:25,07:05,07:45,08:19,17:30,18:05,18:45,19:24
2022-01-30,06:27,07:06,07:46,08:21,17:28,18:03,18:43,19:23
2022-01-29,06:28,07:07,07:48,08:22,17:27,18:01,18:42,19:21
2022-01-28,06:29,07:08,07:49,08:24,17:25,18:00,18:40,19:20
2022-01-27,06:30,07:09,07:50,08:25,17:23,17:58,18:39,19:18
2022-01-26,06:31,07:11,07:51,08:26,17:21,17:56,18:37,19:17
2022-01-25,06:32,07:12,07:53,08:28,17:20,17:55,18:36,19:15
2022-01-24,06:33,07:13,07:54,08:29,17:18,17:53,18:34,19:14
2022-01-23,06:34,07:14,07:55,08:30,17:16,17:52,18:33,19:12
2022-01-22,06:35,07:15,07:56,08:31,17:14,17:50,18:31,19:11
2022-01-21,06:36,07:15,07:57,08:33,17:13,17:49,18:30,19:10
2022-01-20,06:37,07:16,07:58,08:34,17:11,17:47,18:28,19:08
2022-01-19,06:37,07:17,07:59,08:35,17:09,17:45,18:27,19:07
2022-01-18,06:38,07:18,08:00,08:36,17:08,17:44,18:26,19:05
2022-01-17,06:39,07:19,08:00,08:37,17:06,17:42,18:24,19:04
2022-01-16,06:39,07:19,08:01,08:38,17:05,17:41,18:23,19:03
2022-01-15,06:40,07:20,08:02,08:38,17:03,17:40,18:22,19:02
2022-01-14,06:41,07:21,08:03,08:39,17:02,17:38,18:20,19:00
2022-01-13,06:41,07:21,08:03,08:40,17:00,17:37,18:19,18:59
2022-01-12,06:42,07:22,08:04,08:41,16:59,17:35,18:18,18:58
2022-01-11,06:42,07:22,08:05,08:41,16:57,17:34,18:16,18:57
2022-01-10,06:42,07:23,08:05,08:42,16:56,17:33,18:15,18:55
2022-01-09,06:43,07:23,08:05,08:43,16:54,17:32,18:14,18:54
2022-01-08,06:43,07:23,08:06,08:43,16:53,17:30,18:13,18:53
2022-01-07,06:43,07:24,08:06,08:44,16:52,17:29,18:12,18:52
2022-01-06,06:43,07:24,08:07,08:44,16:50,17:28,18:11,18:51
2022-01-05,06:44,07:24,08:07,08:44,16:49,17:27,18:09,18:50
2022-01-04,06:44,07:24,08:07,08:45,16:48,17:26,18:08,18:49
2022-01-03,06:44,07:24,08:07,08:45,16:47,17:25,18:07,18:48
2022-01-02,06:44,07:24,08:07,08:45,16:46,17:23,18:06,18:47
2022-01-01,06:44,07:24,08:07,08:45,16:45,17:22,18:05,18:46
2021-12-31,06:44,07:24,08:07,08:45,16:44,17:22,18:05,18:45
2021-12-30,06:44,07:24,08:07,08:45,16:43,17:21,18:04,18:44
2021-12-29,06:43,07:24,08:07,08:45,16:42,17:20,18:03,18:44
2021-12-28,06:43,07:24,08:07,08:45,16:41,17:19,18:02,18:43
2021-12-27,06:43,07:24,08:07,08:45,16:40,17:18,18:01,18:42
2021-12-26,06:43,07:23,08:07,08:45,16:39,17:17,18:01,18:41
2021-12-25,06:42,07:23,08:06,08:45,16:39,17:17,18:00,18:41
2021-12-24,06:42,07:23,08:06,08:44,16:38,17:16,17:59,18:40
2021-12-23,06:42,07:22,08:06,08:44,16:37,17:15,17:59,18:40
2021-12-22,06:41,07:22,08:05,08:43,16:37,17:15,17:58,18:39
2021-12-21,06:41,07:22,08:05,08:43,16:36,17:14,17:58,18:39
2021-12-20,06:40,07:21,08:04,08:42,16:36,17:14,17:57,18:38
2021-12-19,06:40,07:20,08:04,08:42,16:35,17:13,17:57,18:38
2021-12-18,06:39,07:20,08:03,08:41,16:35,17:13,17:56,18:37
2021-12-17,06:38,07:19,08:02,08:41,16:35,17:13,17:56,18:37
2021-12-16,06:38,07:18,08:02,08:40,16:34,17:13,17:56,18:37
2021-12-15,06:37,07:18,08:01,08:39,16:34,17:12,17:55,18:36
2021-12-14,06:36,07:17,08:00,08:38,16:34,17:12,17:55,18:36
2021-12-13,06:35,07:16,07:59,08:37,16:34,17:12,17:55,18:36
2021-12-12,06:35,07:15,07:58,08:36,16:34,17:12,17:55,18:36
2021-12-11,06:34,07:14,07:58,08:35,16:34,17:12,17:55,18:36
2021-12-10,06:33,07:14,07:57,08:34,16:34,17:12,17:55,18:36
2021-12-09,06:32,07:13,07:56,08:33,16:34,17:12,17:55,18:36
2021-12-08,06:31,07:12,07:55,08:32,16:35,17:12,17:55,18:36
2021-12-07,06:30,07:11,07:53,08:31,16:35,17:12,17:55,18:36
2021-12-06,06:29,07:10,07:52,08:30,16:35,17:13,17:55,18:36
2021-12-05,06:28,07:09,07:51,08:29,16:36,17:13,17:56,18:36
2021-12-04,06:27,07:07,07:50,08:27,16:36,17:13,17:56,18:36
2021-12-03,06:26,07:06,07:49,08:26,16:36,17:14,17:56,18:37
2021-12-02,06:25,07:05,07:48,08:25,16:37,17:14,17:57,18:37
2021-12-01,06:24,07:04,07:46,08:23,16:38,17:15,17:57,18:37
2021-11-30,06:23,07:03,07:45,08:22,16:38,17:15,17:57,18:38
2021-11-29,06:21,07:02,07:44,08:21,16:39,17:16,17:58,18:38
2021-11-28,06:20,07:00,07:42,08:19,16:40,17:16,17:58,18:39
2021-11-27,06:19,06:59,07:41,08:18,16:40,17:17,17:59,18:39
2021-11-26,06:18,06:58,07:40,08:16,16:41,17:18,18:00,18:40
2021-11-25,06:16,06:56,07:38,08:15,16:42,17:19,18:00,18:40
2021-11-24,06:15,06:55,07:37,08:13,16:43,17:19,18:01,18:41
2021-11-23,06:14,06:54,07:35,08:11,16:44,17:20,18:02,18:42
2021-11-22,06:13,06:52,07:34,08:10,16:45,17:21,18:03,18:43
2021-11-21,06:11,06:51,07:32,08:08,16:46,17:22,18:04,18:43
2021-11-20,06:10,06:50,07:31,08:07,16:47,17:23,18:04,18:44
2021-11-19,06:09,06:48,07:29,08:05,16:49,17:24,18:05,18:45
2021-11-18,06:07,06:47,07:28,08:03,16:50,17:25,18:06,18:46
2021-11-17,06:06,06:45,07:26,08:02,16:51,17:26,18:07,18:47
2021-11-16,06:04,06:44,07:25,08:00,16:52,17:28,18:09,18:48
2021-11-15,06:03,06:42,07:23,07:58,16:54,17:29,18:10,18:49
2021-11-14,06:02,06:41,07:22,07:57,16:55,17:30,18:11,18:50
2021-11-13,06:00,06:39,07:20,07:55,16:57,17:31,18:12,18:51
2021-11-12,05:59,06:38,07:18,07:53,16:58,17:33,18:13,18:52
2021-11-11,05:57,06:36,07:17,07:51,16:59,17:34,18:14,18:54
2021-11-10,05:56,06:35,07:15,07:50,17:01,17:35,18:16,18:55
2021-11-09,05:54,06:33,07:14,07:48,17:03,17:37,18:17,18:56
2021-11-08,05:53,06:32,07:12,07:46,17:04,17:38,18:18,18:57
2021-11-07,05:51,06:30,07:10,07:44,17:06,17:40,18:20,18:59
2021-11-06,05:50,06:29,07:09,07:43,17:07,17:41,18:21,19:00
2021-11-05,05:48,06:27,07:07,07:41,17:09,17:43,18:23,19:02
2021-11-04,05:47,06:26,07:05,07:39,17:11,17:44,18:24,19:03
2021-11-03,05:45,06:24,07:04,07:37,17:12,17:46,18:26,19:05
2021-11-02,05:44,06:22,07:02,07:36,17:14,17:48,18:27,19:06
2021-11-01,05:42,06:21,07:00,07:34,17:16,17:49,18:29,19:08
2021-10-31,05:41,06:19,06:59,07:32,17:18,17:51,18:31,19:09
2021-10-30,06:39,07:18,07:57,08:30,18:20,18:53,19:32,20:11
2021-10-29,06:37,07:16,07:55,08:29,18:22,18:55,19:34,20:13
2021-10-28,06:36,07:15,07:54,08:27,18:23,18:56,19:36,20:14
2021-10-27,06:34,07:13,07:52,08:25,18:25,18:58,19:37,20:16
2021-10-26,06:33,07:11,07:51,08:23,18:27,19:00,19:39,20:18
2021-10-25,06:31,07:10,07:49,08:22,18:29,19:02,19:41,20:20
2021-10-24,06:30,07:08,07:47,08:20,18:31,19:04,19:43,20:22
2021-10-23,06:28,07:07,07:46,08:18,18:33,19:06,19:45,20:23
2021-10-22,06:26,07:05,07:44,08:16,18:35,19:08,19:47,20:25
2021-10-21,06:25,07:03,07:42,08:15,18:37,19:10,19:49,20:27
2021-10-20,06:23,07:02,07:41,08:13,18:39,19:12,19:51,20:29
2021-10-19,06:21,07:00,07:39,08:11,18:41,19:14,19:53,20:31
2021-10-18,06:20,06:59,07:37,08:09,18:44,19:16,19:54,20:33
2021-10-17,06:18,06:57,07:36,08:08,18:46,19:18,19:57,20:35
2021-10-16,06:16,06:55,07:34,08:06,18:48,19:20,19:59,20:37
2021-10-15,06:15,06:54,07:32,08:04,18:50,19:22,20:01,20:39
2021-10-14,06:13,06:52,07:31,08:03,18:52,19:24,20:03,20:42
2021-10-13,06:11,06:50,07:29,08:01,18:54,19:26,20:05,20:44
2021-10-12,06:10,06:49,07:27,07:59,18:56,19:28,20:07,20:46
2021-10-11,06:08,06:47,07:26,07:58,18:59,19:30,20:09,20:48
2021-10-10,06:06,06:45,07:24,07:56,19:01,19:33,20:11,20:50
2021-10-09,06:05,06:44,07:22,07:54,19:03,19:35,20:13,20:52
2021-10-08,06:03,06:42,07:21,07:53,19:05,19:37,20:16,20:55
2021-10-07,06:01,06:41,07:19,07:51,19:07,19:39,20:18,20:57
2021-10-06,06:00,06:39,07:18,07:49,19:10,19:41,20:20,20:59
2021-10-05,05:58,06:37,07:16,07:48,19:12,19:44,20:22,21:02
2021-10-04,05:56,06:36,07:14,07:46,19:14,19:46,20:25,21:04
2021-10-03,05:54,06:34,07:13,07:44,19:16,19:48,20:27,21:06
2021-10-02,05:52,06:32,07:11,07:43,19:19,19:50,20:29,21:09
2021-10-01,05:51,06:31,07:09,07:41,19:21,19:53,20:31,21:11
2021-09-30,05:49,06:29,07:08,07:39,19:23,19:55,20:34,21:14
2021-09-29,05:47,06:27,07:06,07:38,19:26,19:57,20:36,21:16
2021-09-28,05:45,06:25,07:04,07:36,19:28,19:59,20:38,21:19
2021-09-27,05:43,06:24,07:03,07:34,19:30,20:02,20:41,21:21
2021-09-26,05:42,06:22,07:01,07:33,19:32,20:04,20:43,21:24
2021-09-25,05:40,06:20,07:00,07:31,19:35,20:06,20:46,21:26
2021-09-24,05:38,06:19,06:58,07:30,19:37,20:09,20:48,21:29
2021-09-23,05:36,06:17,06:56,07:28,19:39,20:11,20:50,21:31
2021-09-22,05:34,06:15,06:55,07:26,19:42,20:13,20:53,21:34
2021-09-21,05:32,06:13,06:53,07:25,19:44,20:16,20:55,21:37
2021-09-20,05:30,06:12,06:51,07:23,19:46,20:18,20:58,21:39
2021-09-19,05:28,06:10,06:50,07:22,19:49,20:20,21:00,21:42
2021-09-18,05:26,06:08,06:48,07:20,19:51,20:23,21:03,21:45
2021-09-17,05:24,06:06,06:46,07:18,19:53,20:25,21:05,21:47
2021-09-16,05:22,06:05,06:45,07:17,19:56,20:28,21:08,21:50
2021-09-15,05:20,06:03,06:43,07:15,19:58,20:30,21:10,21:53
2021-09-14,05:18,06:01,06:41,07:14,20:00,20:32,21:13,21:56
2021-09-13,05:16,05:59,06:40,07:12,20:03,20:35,21:15,21:58
2021-09-12,05:14,05:57,06:38,07:10,20:05,20:37,21:18,22:01
2021-09-11,05:12,05:56,06:36,07:09,20:07,20:39,21:20,22:04
2021-09-10,05:10,05:54,06:35,07:07,20:09,20:42,21:23,22:07
2021-09-09,05:08,05:52,06:33,07:06,20:12,20:44,21:25,22:10
2021-09-08,05:05,05:50,06:31,07:04,20:14,20:47,21:28,22:13
2021-09-07,05:03,05:48,06:30,07:02,20:16,20:49,21:30,22:15
2021-09-06,05:01,05:46,06:28,07:01,20:19,20:51,21:33,22:18
2021-09-05,04:59,05:44,06:26,06:59,20:21,20:54,21:36,22:21
2021-09-04,04:56,05:42,06:25,06:58,20:23,20:56,21:38,22:24
2021-09-03,04:54,05:41,06:23,06:56,20:25,20:58,21:41,22:27
2021-09-02,04:52,05:39,06:21,06:54,20:28,21:01,21:43,22:30
2021-09-01,04:49,05:37,06:20,06:53,20:30,21:03,21:46,22:33
2021-08-31,04:47,05:35,06:18,06:51,20:32,21:05,21:49,22:36
2021-08-30,04:45,05:33,06:16,06:50,20:34,21:08,21:51,22:39
2021-08-29,04:42,05:31,06:14,06:48,20:37,21:10,21:54,22:42
2021-08-28,04:40,05:29,06:13,06:46,20:39,21:12,21:56,22:45
2021-08-27,04:37,05:27,06:11,06:45,20:41,21:15,21:59,22:49
2021-08-26,04:35,05:25,06:09,06:43,20:43,21:17,22:02,22:52
2021-08-25,04:32,05:23,06:07,06:41,20:45,21:19,22:04,22:55
2021-08-24,04:29,05:21,06:06,06:40,20:48,21:22,22:07,22:58
2021-08-23,04:27,05:19,06:04,06:38,20:50,21:24,22:09,23:01
2021-08-22,04:24,05:17,06:02,06:37,20:52,21:26,22:12,23:04
2021-08-21,04:21,05:14,06:00,06:35,20:54,21:29,22:14,23:08
2021-08-20,04:18,05:12,05:59,06:33,20:56,21:31,22:17,23:11
2021-08-19,04:16,05:10,05:57,06:32,20:58,21:33,22:20,23:14
2021-08-18,04:13,05:08,05:55,06:30,21:00,21:35,22:22,23:18
2021-08-17,04:10,05:06,05:53,06:29,21:02,21:38,22:25,23:21
2021-08-16,04:07,05:04,05:52,06:27,21:04,21:40,22:27,23:24
2021-08-15,04:04,05:02,05:50,06:25,21:06,21:42,22:30,23:28
2021-08-14,04:01,05:00,05:48,06:24,21:08,21:44,22:33,23:31
2021-08-13,03:58,04:57,05:46,06:22,21:10,21:46,22:35,23:35
2021-08-12,03:54,04:55,05:44,06:21,21:12,21:48,22:38,23:38
2021-08-11,03:51,04:53,05:43,06:19,21:14,21:51,22:40,23:42
2021-08-10,03:48,04:51,05:41,06:17,21:16,21:53,22:43,23:46
2021-08-09,03:44,04:48,05:39,06:16,21:18,21:55,22:45,23:49
2021-08-08,03:41,04:46,05:37,06:14,21:20,21:57,22:48,23:53
2021-08-07,03:37,04:44,05:35,06:13,21:22,21:59,22:50,23:57
2021-08-06,03:34,04:42,05:34,06:11,21:23,22:01,22:53,00:00
2021-08-05,03:30,04:39,05:32,06:10,21:25,22:03,22:55,00:00
2021-08-04,03:26,04:37,05:30,06:08,21:27,22:05,22:58,00:00
2021-08-03,03:22,04:35,05:28,06:07,21:29,22:07,23:00,00:00
2021-08-02,03:18,04:33,05:27,06:05,21:30,22:09,23:03,00:00
2021-08-01,03:14,04:30,05:25,06:03,21:32,22:11,23:05,00:00
2021-07-31,03:10,04:28,05:23,06:02,21:34,22:12,23:07,00:00
2021-07-30,03:05,04:26,05:21,06:00,21:35,22:14,23:10,00:00
2021-07-29,03:01,04:24,05:20,05:59,21:37,22:16,23:12,00:00
2021-07-28,02:56,04:21,05:18,05:57,21:38,22:18,23:15,00:00
2021-07-27,02:51,04:19,05:16,05:56,21:40,22:20,23:17,00:00
2021-07-26,02:45,04:17,05:15,05:55,21:41,22:21,23:19,00:00
2021-07-25,02:39,04:14,05:13,05:53,21:43,22:23,23:21,00:00
2021-07-24,02:32,04:12,05:11,05:52,21:44,22:25,23:24,00:00
2021-07-23,02:24,04:10,05:10,05:50,21:46,22:26,23:26,00:00
2021-07-22,02:15,04:08,05:08,05:49,21:47,22:28,23:28,00:00
2021-07-21,00:00,04:05,05:06,05:48,21:48,22:29,23:30,00:00
2021-07-20,00:00,04:03,05:05,05:46,21:49,22:31,23:32,00:00
2021-07-19,00:00,04:01,05:03,05:45,21:51,22:32,23:34,00:00
2021-07-18,00:00,03:59,05:02,05:44,21:52,22:34,23:37,00:00
2021-07-17,00:00,03:57,05:00,05:42,21:53,22:35,23:38,00:00
2021-07-16,00:00,03:55,04:59,05:41,21:54,22:36,23:40,00:00
2021-07-15,00:00,03:52,04:57,05:40,21:55,22:38,23:42,00:00
2021-07-14,00:00,03:50,04:56,05:39,21:56,22:39,23:44,00:00
2021-07-13,00:00,03:48,04:54,05:37,21:57,22:40,23:46,00:00
2021-07-12,00:00,03:46,04:53,05:36,21:58,22:41,23:48,00:00
2021-07-11,00:00,03:44,04:52,05:35,21:59,22:42,23:49,00:00
2021-07-10,00:00,03:43,04:51,05:34,21:59,22:43,23:51,00:00
2021-07-09,00:00,03:41,04:49,05:33,22:00,22:44,23:53,00:00
2021-07-08,00:00,03:39,04:48,05:32,22:01,22:45,23:54,00:00
2021-07-07,00:00,03:37,04:47,05:31,22:02,22:46,23:56,00:00
2021-07-06,00:00,03:36,04:46,05:30,22:02,22:47,23:57,00:00
2021-07-05,00:00,03:34,04:45,05:29,22:03,22:47,23:58,00:00
2021-07-04,00:00,03:32,04:44,05:28,22:03,22:48,23:59,00:00
2021-07-03,00:00,03:31,04:43,05:28,22:04,22:49,00:00,00:00
2021-07-02,00:00,03:30,04:42,05:27,22:04,22:49,00:00,00:00
2021-07-01,00:00,03:28,04:41,05:26,22:04,22:50,00:00,00:00
2021-06-30,00:00,03:27,04:40,05:25,22:05,22:50,00:00,00:00
2021-06-29,00:00,03:26,04:40,05:25,22:05,22:50,00:00,00:00
2021-06-28,00:00,03:25,04:39,05:24,22:05,22:51,00:00,00:00
2021-06-27,00:00,03:24,04:38,05:24,22:05,22:51,00:00,00:00
2021-06-26,00:00,03:23,04:38,05:23,22:05,22:51,00:00,00:00
2021-06-25,00:00,03:22,04:37,05:23,22:06,22:51,00:00,00:00
2021-06-24,00:00,03:22,04:37,05:22,22:05,22:51,00:00,00:00
2021-06-23,00:00,03:21,04:36,05:22,22:05,22:51,00:00,00:00
2021-06-22,00:00,03:21,04:36,05:22,22:05,22:51,00:00,00:00
2021-06-21,00:00,03:20,04:36,05:21,22:05,22:51,00:00,00:00
2021-06-20,00:00,03:20,04:35,05:21,22:05,22:51,00:00,00:00
2021-06-19,00:00,03:20,04:35,05:21,22:05,22:50,00:00,00:00
2021-06-18,00:00,03:20,04:35,05:21,22:04,22:50,00:00,00:00
2021-06-17,00:00,03:20,04:35,05:21,22:04,22:50,00:00,00:00
2021-06-16,00:00,03:21,04:35,05:21,22:03,22:49,00:00,00:00
2021-06-15,00:00,03:21,04:35,05:21,22:03,22:49,00:00,00:00
2021-06-14,00:00,03:21,04:36,05:21,22:02,22:48,00:00,00:00
2021-06-13,00:00,03:22,04:36,05:21,22:02,22:47,00:00,00:00
2021-06-12,00:00,03:23,04:36,05:21,22:01,22:47,00:00,00:00
2021-06-11,00:00,03:23,04:36,05:22,22:01,22:46,23:59,00:00
2021-06-10,00:00,03:24,04:37,05:22,22:00,22:45,23:58,00:00
2021-06-09,00:00,03:25,04:37,05:22,21:59,22:44,23:56,00:00
2021-06-08,00:00,03:26,04:38,05:23,21:58,22:43,23:55,00:00
2021-06-07,00:00,03:27,04:39,05:23,21:58,22:42,23:53,00:00
2021-06-06,00:00,03:28,04:39,05:24,21:57,22:41,23:52,00:00
2021-06-05,00:00,03:30,04:40,05:24,21:56,22:40,23:50,00:00
2021-06-04,00:00,03:31,04:41,05:25,21:55,22:39,23:48,00:00
2021-06-03,00:00,03:33,04:42,05:25,21:54,22:38,23:47,00:00
2021-06-02,00:00,03:34,04:42,05:26,21:53,22:36,23:45,00:00
2021-06-01,00:00,03:36,04:43,05:27,21:52,22:35,23:43,00:00
2021-05-31,00:00,03:37,04:44,05:28,21:50,22:34,23:41,00:00
2021-05-30,00:00,03:39,04:45,05:29,21:49,22:32,23:39,00:00
2021-05-29,00:00,03:41,04:47,05:29,21:48,22:31,23:37,00:00
2021-05-28,00:00,03:43,04:48,05:30,21:47,22:30,23:35,00:00
2021-05-27,00:00,03:44,04:49,05:31,21:46,22:28,23:33,00:00
2021-05-26,00:00,03:46,04:50,05:32,21:44,22:27,23:31,00:00
2021-05-25,00:00,03:48,04:52,05:34,21:43,22:25,23:28,00:00
2021-05-24,00:00,03:50,04:53,05:35,21:42,22:24,23:26,00:00
2021-05-23,00:00,03:52,04:54,05:36,21:41,22:22,23:24,00:00
2021-05-22,00:00,03:54,04:56,05:37,21:39,22:20,23:22,00:00
2021-05-21,00:00,03:56,04:57,05:38,21:38,22:19,23:20,00:00
2021-05-20,02:09,03:59,04:59,05:40,21:36,22:17,23:17,00:00
2021-05-19,02:18,04:01,05:00,05:41,21:35,22:16,23:15,00:00
2021-05-18,02:25,04:03,05:02,05:42,21:33,22:14,23:13,00:00
2021-05-17,02:32,04:05,05:03,05:44,21:32,22:12,23:10,00:00
2021-05-16,02:37,04:08,05:05,05:45,21:30,22:10,23:08,00:00
2021-05-15,02:43,04:10,05:07,05:47,21:29,22:09,23:06,00:00
2021-05-14,02:48,04:12,05:09,05:48,21:27,22:07,23:03,00:00
2021-05-13,02:53,04:14,05:10,05:50,21:26,22:05,23:01,00:00
2021-05-12,02:58,04:17,05:12,05:51,21:24,22:03,22:59,00:00
2021-05-11,03:02,04:19,05:14,05:53,21:23,22:02,22:56,00:00
2021-05-10,03:07,04:22,05:16,05:54,21:21,22:00,22:54,00:00
2021-05-09,03:11,04:24,05:18,05:56,21:20,21:58,22:52,00:00
2021-05-08,03:15,04:26,05:20,05:58,21:18,21:56,22:49,00:00
2021-05-07,03:19,04:29,05:22,05:59,21:16,21:54,22:47,23:57
2021-05-06,03:23,04:31,05:24,06:01,21:15,21:52,22:45,23:53
2021-05-05,03:27,04:34,05:26,06:03,21:13,21:51,22:42,23:49
2021-05-04,03:31,04:36,05:28,06:05,21:12,21:49,22:40,23:46
2021-05-03,03:34,04:39,05:30,06:07,21:10,21:47,22:38,23:42
2021-05-02,03:38,04:41,05:32,06:08,21:08,21:45,22:35,23:39
2021-05-01,03:42,04:44,05:34,06:10,21:07,21:43,22:33,23:35
2021-04-30,03:45,04:46,05:36,06:12,21:05,21:41,22:31,23:32
2021-04-29,03:49,04:49,05:38,06:14,21:03,21:39,22:28,23:29
2021-04-28,03:52,04:51,05:40,06:16,21:02,21:38,22:26,23:25
2021-04-27,03:56,04:54,05:42,06:18,21:00,21:36,22:24,23:22
2021-04-26,03:59,04:57,05:44,06:20,20:58,21:34,22:22,23:19
2021-04-25,04:03,04:59,05:47,06:22,20:57,21:32,22:19,23:16
2021-04-24,04:06,05:02,05:49,06:24,20:55,21:30,22:17,23:13
2021-04-23,04:09,05:04,05:51,06:26,20:53,21:28,22:15,23:10
2021-04-22,04:13,05:07,05:53,06:28,20:52,21:27,22:13,23:07
2021-04-21,04:16,05:09,05:55,06:30,20:50,21:25,22:11,23:04
2021-04-20,04:19,05:12,05:58,06:32,20:48,21:23,22:08,23:01
2021-04-19,04:22,05:15,06:00,06:34,20:47,21:21,22:06,22:58
2021-04-18,04:26,05:17,06:02,06:36,20:45,21:19,22:04,22:56
2021-04-17,04:29,05:20,06:04,06:39,20:43,21:17,22:02,22:53
2021-04-16,04:32,05:22,06:07,06:41,20:42,21:15,22:00,22:50
2021-04-15,04:35,05:25,06:09,06:43,20:40,21:14,21:58,22:48
2021-04-14,04:38,05:27,06:11,06:45,20:38,21:12,21:56,22:45
2021-04-13,04:41,05:30,06:14,06:47,20:37,21:10,21:54,22:42
2021-04-12,04:44,05:33,06:16,06:49,20:35,21:08,21:52,22:40
2021-04-11,04:47,05:35,06:18,06:52,20:33,21:06,21:50,22:37
2021-04-10,04:50,05:38,06:21,06:54,20:31,21:05,21:47,22:35
2021-04-09,04:53,05:40,06:23,06:56,20:30,21:03,21:45,22:32
2021-04-08,04:56,05:43,06:25,06:58,20:28,21:01,21:43,22:30
2021-04-07,04:59,05:45,06:28,07:00,20:26,20:59,21:41,22:28
2021-04-06,05:02,05:48,06:30,07:03,20:25,20:57,21:39,22:25
2021-04-05,05:05,05:51,06:32,07:05,20:23,20:56,21:37,22:23
2021-04-04,05:08,05:53,06:35,07:07,20:21,20:54,21:36,22:20
2021-04-03,05:11,05:56,06:37,07:10,20:20,20:52,21:34,22:18
2021-04-02,05:14,05:58,06:39,07:12,20:18,20:50,21:32,22:16
2021-04-01,05:17,06:01,06:42,07:14,20:16,20:49,21:30,22:14
2021-03-31,05:20,06:03,06:44,07:16,20:15,20:47,21:28,22:11
2021-03-30,05:22,06:06,06:46,07:19,20:13,20:45,21:26,22:09
2021-03-29,05:25,06:08,06:49,07:21,20:11,20:43,21:24,22:07
2021-03-28,04:28,05:11,05:51,06:23,19:10,19:42,20:22,21:05
2021-03-27,04:31,05:13,05:54,06:25,19:08,19:40,20:20,21:03
2021-03-26,04:33,05:16,05:56,06:28,19:06,19:38,20:18,21:01
2021-03-25,04:36,05:18,05:58,06:30,19:05,19:36,20:16,20:59
2021-03-24,04:39,05:21,06:01,06:32,19:03,19:35,20:15,20:56
2021-03-23,04:41,05:23,06:03,06:35,19:01,19:33,20:13,20:54
2021-03-22,04:44,05:26,06:05,06:37,18:59,19:31,20:11,20:52
2021-03-21,04:47,05:28,06:08,06:39,18:58,19:29,20:09,20:50
2021-03-20,04:49,05:30,06:10,06:42,18:56,19:28,20:07,20:48
2021-03-19,04:52,05:33,06:12,06:44,18:54,19:26,20:05,20:46
2021-03-18,04:54,05:35,06:14,06:46,18:53,19:24,20:04,20:44
2021-03-17,04:57,05:38,06:17,06:48,18:51,19:23,20:02,20:42
2021-03-16,04:59,05:40,06:19,06:51,18:49,19:21,20:00,20:40
2021-03-15,05:02,05:42,06:21,06:53,18:48,19:19,19:58,20:38
2021-03-14,05:04,05:45,06:24,06:55,18:46,19:17,19:56,20:37
2021-03-13,05:07,05:47,06:26,06:57,18:44,19:16,19:55,20:35
2021-03-12,05:09,05:49,06:28,07:00,18:42,19:14,19:53,20:33
2021-03-11,05:12,05:52,06:30,07:02,18:41,19:12,19:51,20:31
2021-03-10,05:14,05:54,06:33,07:04,18:39,19:11,19:49,20:29
2021-03-09,05:17,05:56,06:35,07:06,18:37,19:09,19:48,20:27
2021-03-08,05:19,05:58,06:37,07:09,18:35,19:07,19:46,20:25
2021-03-07,05:21,06:01,06:39,07:11,18:34,19:05,19:44,20:23
2021-03-06,05:24,06:03,06:42,07:13,18:32,19:04,19:42,20:22
2021-03-05,05:26,06:05,06:44,07:15,18:30,19:02,19:41,20:20
2021-03-04,05:28,06:07,06:46,07:18,18:28,19:00,19:39,20:18
2021-03-03,05:30,06:09,06:48,07:20,18:27,18:58,19:37,20:16
2021-03-02,05:32,06:12,06:50,07:22,18:25,18:57,19:35,20:14
2021-03-01,05:35,06:14,06:52,07:24,18:23,18:55,19:34,20:13
2021-02-28,05:37,06:16,06:54,07:26,18:21,18:53,19:32,20:11
2021-02-27,05:39,06:18,06:56,07:28,18:20,18:52,19:30,20:09
2021-02-26,05:41,06:20,06:59,07:31,18:18,18:50,19:29,20:07
2021-02-25,05:43,06:22,07:01,07:33,18:16,18:48,19:27,20:06
2021-02-24,05:45,06:24,07:03,07:35,18:14,18:46,19:25,20:04
2021-02-23,05:47,06:26,07:05,07:37,18:13,18:45,19:23,20:02
2021-02-22,05:49,06:28,07:07,07:39,18:11,18:43,19:22,20:00
2021-02-21,05:51,06:30,07:09,07:41,18:09,18:41,19:20,19:59
2021-02-20,05:53,06:32,07:11,07:43,18:07,18:39,19:18,19:57
2021-02-19,05:55,06:34,07:13,07:45,18:05,18:38,19:17,19:55
2021-02-18,05:57,06:36,07:15,07:47,18:03,18:36,19:15,19:54
2021-02-17,05:59,06:37,07:16,07:49,18:02,18:34,19:13,19:52
2021-02-16,06:01,06:39,07:18,07:51,18:00,18:33,19:12,19:50
2021-02-15,06:02,06:41,07:20,07:53,17:58,18:31,19:10,19:49
2021-02-14,06:04,06:43,07:22,07:55,17:56,18:29,19:08,19:47
2021-02-13,06:06,06:45,07:24,07:57,17:54,18:27,19:07,19:45
2021-02-12,06:08,06:46,07:26,07:59,17:53,18:26,19:05,19:44
2021-02-11,06:09,06:48,07:27,08:00,17:51,18:24,19:03,19:42
2021-02-10,06:11,06:50,07:29,08:02,17:49,18:22,19:02,19:40
2021-02-09,06:12,06:51,07:31,08:04,17:47,18:20,19:00,19:39
2021-02-08,06:14,06:53,07:32,08:06,17:45,18:19,18:58,19:37
2021-02-07,06:15,06:54,07:34,08:08,17:43,18:17,18:57,19:36
2021-02-06,06:17,06:56,07:36,08:09,17:42,18:15,18:55,19:34
2021-02-05,06:18,06:57,07:37,08:11,17:40,18:14,18:53,19:32
2021-02-04,06:20,06:59,07:39,08:13,17:38,18:12,18:52,19:31
2021-02-03,06:21,07:00,07:40,08:14,17:36,18:10,18:50,19:29
2021-02-02,06:23,07:02,07:42,08:16,17:34,18:08,18:49,19:28
2021-02-01,06:24,07:03,07:43,08:17,17:33,18:07,18:47,19:26
2021-01-31,06:25,07:04,07:45,08:19,17:31,18:05,18:45,19:25
2021-01-30,06:26,07:06,07:46,08:20,17:29,18:03,18:44,19:23
2021-01-29,06:28,07:07,07:47,08:22,17:27,18:02,18:42,19:22
2021-01-28,06:29,07:08,07:49,08:23,17:25,18:00,18:41,19:20
2021-01-27,06:30,07:09,07:50,08:25,17:24,17:58,18:39,19:19
2021-01-26,06:31,07:10,07:51,08:26,17:22,17:57,18:38,19:17
2021-01-25,06:32,07:11,07:52,08:27,17:20,17:55,18:36,19:16
2021-01-24,06:33,07:12,07:53,08:29,17:18,17:54,18:35,19:14
2021-01-23,06:34,07:13,07:54,08:30,17:17,17:52,18:33,19:13
2021-01-22,06:35,07:14,07:56,08:31,17:15,17:50,18:32,19:11
2021-01-21,06:36,07:15,07:57,08:32,17:13,17:49,18:30,19:10
2021-01-20,06:36,07:16,07:58,08:33,17:12,17:47,18:29,19:09
2021-01-19,06:37,07:17,07:59,08:34,17:10,17:46,18:27,19:07
2021-01-18,06:38,07:18,07:59,08:35,17:08,17:44,18:26,19:06
2021-01-17,06:39,07:19,08:00,08:36,17:07,17:43,18:25,19:04
2021-01-16,06:39,07:19,08:01,08:37,17:05,17:41,18:23,19:03
2021-01-15,06:40,07:20,08:02,08:38,17:03,17:40,18:22,19:02
2021-01-14,06:40,07:21,08:03,08:39,17:02,17:39,18:21,19:01
2021-01-13,06:41,07:21,08:03,08:40,17:00,17:37,18:19,18:59
2021-01-12,06:41,07:22,08:04,08:41,16:59,17:36,18:18,18:58
2021-01-11,06:42,07:22,08:04,08:41,16:57,17:34,18:17,18:57
2021-01-10,06:42,07:23,08:05,08:42,16:56,17:33,18:15,18:56
2021-01-09,06:43,07:23,08:05,08:43,16:55,17:32,18:14,18:55
2021-01-08,06:43,07:23,08:06,08:43,16:53,17:31,18:13,18:53
2021-01-07,06:43,07:24,08:06,08:44,16:52,17:29,18:12,18:52
2021-01-06,06:43,07:24,08:07,08:44,16:51,17:28,18:11,18:51
2021-01-05,06:43,07:24,08:07,08:44,16:49,17:27,18:10,18:50
2021-01-04,06:44,07:24,08:07,08:45,16:48,17:26,18:09,18:49
2021-01-03,06:44,07:24,08:07,08:45,16:47,17:25,18:08,18:48
2021-01-02,06:44,07:24,08:07,08:45,16:46,17:24,18:07,18:47
2021-01-01,06:44,07:24,08:07,08:45,16:45,17:23,18:06,18:46
2020-12-31,06:44,07:24,08:07,08:45,16:44,17:22,18:05,18:46
2020-12-30,06:44,07:24,08:07,08:45,16:43,17:21,18:04,18:45
2020-12-29,06:43,07:24,08:07,08:45,16:42,17:20,18:03,18:44
2020-12-28,06:43,07:24,08:07,08:45,16:41,17:19,18:02,18:43
2020-12-27,06:43,07:24,08:07,08:45,16:40,17:18,18:02,18:42
2020-12-26,06:43,07:24,08:07,08:45,16:39,17:18,18:01,18:42
2020-12-25,06:42,07:23,08:07,08:45,16:39,17:17,18:00,18:41
2020-12-24,06:42,07:23,08:06,08:44,16:38,17:16,17:59,18:40
2020-12-23,06:42,07:23,08:06,08:44,16:37,17:16,17:59,18:40
2020-12-22,06:41,07:22,08:05,08:44,16:37,17:15,17:58,18:39
2020-12-21,06:41,07:22,08:05,08:43,16:36,17:14,17:58,18:39
2020-12-20,06:40,07:21,08:04,08:43,16:36,17:14,17:57,18:38
2020-12-19,06:40,07:21,08:04,08:42,16:35,17:14,17:57,18:38
2020-12-18,06:39,07:20,08:03,08:41,16:35,17:13,17:56,18:37
2020-12-17,06:38,07:19,08:03,08:41,16:35,17:13,17:56,18:37
2020-12-16,06:38,07:19,08:02,08:40,16:34,17:13,17:56,18:37
2020-12-15,06:37,07:18,08:01,08:39,16:34,17:12,17:56,18:36
2020-12-14,06:36,07:17,08:00,08:38,16:34,17:12,17:55,18:36
2020-12-13,06:36,07:16,08:00,08:38,16:34,17:12,17:55,18:36
2020-12-12,06:35,07:16,07:59,08:37,16:34,17:12,17:55,18:36
2020-12-11,06:34,07:15,07:58,08:36,16:34,17:12,17:55,18:36
2020-12-10,06:33,07:14,07:57,08:35,16:34,17:12,17:55,18:36
2020-12-09,06:32,07:13,07:56,08:34,16:34,17:12,17:55,18:36
2020-12-08,06:31,07:12,07:55,08:32,16:34,17:12,17:55,18:36
2020-12-07,06:30,07:11,07:54,08:31,16:35,17:12,17:55,18:36
2020-12-06,06:29,07:10,07:53,08:30,16:35,17:13,17:55,18:36
2020-12-05,06:28,07:09,07:51,08:29,16:35,17:13,17:56,18:36
2020-12-04,06:27,07:08,07:50,08:28,16:36,17:13,17:56,18:36
2020-12-03,06:26,07:07,07:49,08:26,16:36,17:14,17:56,18:37
2020-12-02,06:25,07:05,07:48,08:25,16:37,17:14,17:56,18:37
2020-12-01,06:24,07:04,07:47,08:24,16:37,17:14,17:57,18:37
2020-11-30,06:23,07:03,07:45,08:22,16:38,17:15,17:57,18:38
2020-11-29,06:22,07:02,07:44,08:21,16:39,17:16,17:58,18:38
2020-11-28,06:20,07:01,07:43,08:19,16:40,17:16,17:58,18:39
2020-11-27,06:19,06:59,07:41,08:18,16:40,17:17,17:59,18:39
2020-11-26,06:18,06:58,07:40,08:17,16:41,17:18,18:00,18:40
2020-11-25,06:17,06:57,07:39,08:15,16:42,17:18,18:00,18:40
2020-11-24,06:16,06:55,07:37,08:13,16:43,17:19,18:01,18:41
2020-11-23,06:14,06:54,07:36,08:12,16:44,17:20,18:02,18:42
2020-11-22,06:13,06:53,07:34,08:10,16:45,17:21,18:03,18:42
2020-11-21,06:12,06:51,07:33,08:09,16:46,17:22,18:03,18:43
2020-11-20,06:10,06:50,07:31,08:07,16:47,17:23,18:04,18:44
2020-11-19,06:09,06:49,07:30,08:05,16:48,17:24,18:05,18:45
2020-11-18,06:08,06:47,07:28,08:04,16:50,17:25,18:06,18:46
2020-11-17,06:06,06:46,07:27,08:02,16:51,17:26,18:07,18:47
2020-11-16,06:05,06:44,07:25,08:00,16:52,17:27,18:08,18:48
2020-11-15,06:03,06:43,07:24,07:59,16:53,17:29,18:09,18:49
2020-11-14,06:02,06:41,07:22,07:57,16:55,17:30,18:10,18:50
2020-11-13,06:00,06:40,07:20,07:55,16:56,17:31,18:12,18:51
2020-11-12,05:59,06:38,07:19,07:54,16:58,17:32,18:13,18:52
2020-11-11,05:58,06:37,07:17,07:52,16:59,17:34,18:14,18:53
2020-11-10,05:56,06:35,07:16,07:50,17:01,17:35,18:15,18:55
2020-11-09,05:55,06:34,07:14,07:48,17:02,17:36,18:17,18:56
2020-11-08,05:53,06:32,07:12,07:47,17:04,17:38,18:18,18:57
2020-11-07,05:52,06:31,07:11,07:45,17:05,17:39,18:20,18:59
2020-11-06,05:50,06:29,07:09,07:43,17:07,17:41,18:21,19:00
2020-11-05,05:49,06:28,07:07,07:41,17:09,17:43,18:22,19:01
2020-11-04,05:47,06:26,07:06,07:40,17:10,17:44,18:24,19:03
2020-11-03,05:46,06:24,07:04,07:38,17:12,17:46,18:25,19:04
2020-11-02,05:44,06:23,07:03,07:36,17:14,17:47,18:27,19:06
2020-11-01,05:43,06:21,07:01,07:34,17:16,17:49,18:29,19:07
2020-10-31,05:41,06:20,06:59,07:33,17:17,17:51,18:30,19:09
2020-10-30,05:39,06:18,06:58,07:31,17:19,17:52,18:32,19:11
2020-10-29,05:38,06:17,06:56,07:29,17:21,17:54,18:34,19:12
2020-10-28,05:36,06:15,06:54,07:27,17:23,17:56,18:35,19:14
2020-10-27,05:35,06:13,06:53,07:26,17:25,17:58,18:37,19:16
2020-10-26,05:33,06:12,06:51,07:24,17:27,18:00,18:39,19:18
2020-10-25,05:32,06:10,06:49,07:22,17:29,18:02,18:41,19:19
2020-10-24,06:30,07:09,07:48,08:20,18:31,19:03,19:42,20:21
2020-10-23,06:28,07:07,07:46,08:19,18:33,19:05,19:44,20:23
2020-10-22,06:27,07:05,07:44,08:17,18:35,19:07,19:46,20:25
2020-10-21,06:25,07:04,07:43,08:15,18:37,19:09,19:48,20:27
2020-10-20,06:23,07:02,07:41,08:13,18:39,19:11,19:50,20:29
2020-10-19,06:22,07:01,07:39,08:12,18:41,19:13,19:52,20:31
2020-10-18,06:20,06:59,07:38,08:10,18:43,19:15,19:54,20:33
2020-10-17,06:19,06:57,07:36,08:08,18:45,19:17,19:56,20:35
2020-10-16,06:17,06:56,07:34,08:06,18:47,19:19,19:58,20:37
2020-10-15,06:15,06:54,07:33,08:05,18:49,19:21,20:00,20:39
2020-10-14,06:14,06:52,07:31,08:03,18:52,19:23,20:02,20:41
2020-10-13,06:12,06:51,07:29,08:01,18:54,19:26,20:04,20:43
2020-10-12,06:10,06:49,07:28,08:00,18:56,19:28,20:06,20:45
2020-10-11,06:09,06:47,07:26,07:58,18:58,19:30,20:09,20:47
2020-10-10,06:07,06:46,07:25,07:56,19:00,19:32,20:11,20:50
2020-10-09,06:05,06:44,07:23,07:55,19:02,19:34,20:13,20:52
2020-10-08,06:03,06:43,07:21,07:53,19:05,19:36,20:15,20:54
2020-10-07,06:02,06:41,07:20,07:51,19:07,19:39,20:17,20:56
2020-10-06,06:00,06:39,07:18,07:50,19:09,19:41,20:19,20:59
2020-10-05,05:58,06:38,07:16,07:48,19:11,19:43,20:22,21:01
2020-10-04,05:56,06:36,07:15,07:46,19:14,19:45,20:24,21:03
2020-10-03,05:55,06:34,07:13,07:45,19:16,19:47,20:26,21:06
2020-10-02,05:53,06:33,07:11,07:43,19:18,19:50,20:29,21:08
2020-10-01,05:51,06:31,07:10,07:41,19:20,19:52,20:31,21:11
2020-09-30,05:49,06:29,07:08,07:40,19:23,19:54,20:33,21:13
2020-09-29,05:48,06:28,07:07,07:38,19:25,19:57,20:36,21:16
2020-09-28,05:46,06:26,07:05,07:36,19:27,19:59,20:38,21:18
2020-09-27,05:44,06:24,07:03,07:35,19:30,20:01,20:40,21:21
2020-09-26,05:42,06:22,07:02,07:33,19:32,20:03,20:43,21:23
2020-09-25,05:40,06:21,07:00,07:32,19:34,20:06,20:45,21:26
2020-09-24,05:38,06:19,06:58,07:30,19:37,20:08,20:47,21:28
2020-09-23,05:36,06:17,06:57,07:28,19:39,20:10,20:50,21:31
2020-09-22,05:34,06:16,06:55,07:27,19:41,20:13,20:52,21:33
2020-09-21,05:33,06:14,06:53,07:25,19:43,20:15,20:55,21:36
2020-09-20,05:31,06:12,06:52,07:24,19:46,20:18,20:57,21:39
2020-09-19,05:29,06:10,06:50,07:22,19:48,20:20,21:00,21:41
2020-09-18,05:27,06:09,06:48,07:20,19:50,20:22,21:02,21:44
2020-09-17,05:25,06:07,06:47,07:19,19:53,20:25,21:05,21:47
2020-09-16,05:23,06:05,06:45,07:17,19:55,20:27,21:07,21:49
2020-09-15,05:21,06:03,06:44,07:15,19:57,20:29,21:10,21:52
2020-09-14,05:19,06:01,06:42,07:14,20:00,20:32,21:12,21:55
2020-09-13,05:17,06:00,06:40,07:12,20:02,20:34,21:15,21:58
2020-09-12,05:14,05:58,06:39,07:11,20:04,20:36,21:17,22:01
2020-09-11,05:12,05:56,06:37,07:09,20:07,20:39,21:20,22:03
2020-09-10,05:10,05:54,06:35,07:07,20:09,20:41,21:22,22:06
2020-09-09,05:08,05:52,06:34,07:06,20:11,20:44,21:25,22:09
2020-09-08,05:06,05:50,06:32,07:04,20:13,20:46,21:27,22:12
2020-09-07,05:04,05:49,06:30,07:03,20:16,20:48,21:30,22:15
2020-09-06,05:01,05:47,06:28,07:01,20:18,20:51,21:32,22:18
2020-09-05,04:59,05:45,06:27,07:00,20:20,20:53,21:35,22:21
2020-09-04,04:57,05:43,06:25,06:58,20:23,20:55,21:38,22:24
2020-09-03,04:55,05:41,06:23,06:56,20:25,20:58,21:40,22:27
2020-09-02,04:52,05:39,06:22,06:55,20:27,21:00,21:43,22:30
2020-09-01,04:50,05:37,06:20,06:53,20:29,21:03,21:45,22:33
2020-08-31,04:48,05:35,06:18,06:52,20:32,21:05,21:48,22:36
2020-08-30,04:45,05:33,06:17,06:50,20:34,21:07,21:50,22:39
2020-08-29,04:43,05:31,06:15,06:48,20:36,21:10,21:53,22:42
2020-08-28,04:40,05:29,06:13,06:47,20:38,21:12,21:56,22:45
2020-08-27,04:38,05:27,06:11,06:45,20:40,21:14,21:58,22:48
2020-08-26,04:35,05:25,06:10,06:43,20:43,21:17,22:01,22:51
2020-08-25,04:33,05:23,06:08,06:42,20:45,21:19,22:03,22:54
2020-08-24,04:30,05:21,06:06,06:40,20:47,21:21,22:06,22:57
2020-08-23,04:27,05:19,06:04,06:39,20:49,21:23,22:09,23:00
2020-08-22,04:25,05:17,06:03,06:37,20:51,21:26,22:11,23:04
2020-08-21,04:22,05:15,06:01,06:35,20:53,21:28,22:14,23:07
2020-08-20,04:19,05:13,05:59,06:34,20:55,21:30,22:16,23:10
2020-08-19,04:16,05:11,05:57,06:32,20:58,21:33,22:19,23:14
2020-08-18,04:13,05:09,05:56,06:31,21:00,21:35,22:22,23:17
2020-08-17,04:11,05:07,05:54,06:29,21:02,21:37,22:24,23:20
2020-08-16,04:08,05:04,05:52,06:27,21:04,21:39,22:27,23:24
2020-08-15,04:05,05:02,05:50,06:26,21:06,21:41,22:29,23:27
2020-08-14,04:01,05:00,05:48,06:24,21:08,21:44,22:32,23:30
2020-08-13,03:58,04:58,05:47,06:23,21:10,21:46,22:34,23:34
2020-08-12,03:55,04:56,05:45,06:21,21:12,21:48,22:37,23:38
2020-08-11,03:52,04:53,05:43,06:19,21:14,21:50,22:40,23:41
2020-08-10,03:49,04:51,05:41,06:18,21:15,21:52,22:42,23:45
2020-08-09,03:45,04:49,05:39,06:16,21:17,21:54,22:45,23:48
2020-08-08,03:42,04:47,05:38,06:15,21:19,21:56,22:47,23:52
2020-08-07,03:38,04:45,05:36,06:13,21:21,21:58,22:50,23:56
2020-08-06,03:35,04:42,05:34,06:12,21:23,22:00,22:52,00:00
2020-08-05,03:31,04:40,05:32,06:10,21:25,22:02,22:55,00:00
2020-08-04,03:27,04:38,05:31,06:08,21:26,22:04,22:57,00:00
2020-08-03,03:23,04:35,05:29,06:07,21:28,22:06,23:00,00:00
2020-08-02,03:19,04:33,05:27,06:05,21:30,22:08,23:02,00:00
2020-08-01,03:15,04:31,05:25,06:04,21:32,22:10,23:05,00:00
2020-07-31,03:11,04:29,05:24,06:02,21:33,22:12,23:07,00:00
2020-07-30,03:07,04:26,05:22,06:01,21:35,22:14,23:09,00:00
2020-07-29,03:02,04:24,05:20,05:59,21:36,22:16,23:12,00:00
2020-07-28,02:57,04:22,05:18,05:58,21:38,22:17,23:14,00:00
2020-07-27,02:52,04:19,05:17,05:56,21:39,22:19,23:16,00:00
2020-07-26,02:46,04:17,05:15,05:55,21:41,22:21,23:19,00:00
2020-07-25,02:40,04:15,05:13,05:53,21:42,22:23,23:21,00:00
2020-07-24,02:34,04:13,05:12,05:52,21:44,22:24,23:23,00:00
2020-07-23,02:26,04:10,05:10,05:51,21:45,22:26,23:25,00:00
2020-07-22,02:17,04:08,05:08,05:49,21:47,22:27,23:28,00:00
2020-07-21,02:04,04:06,05:07,05:48,21:48,22:29,23:30,00:00
2020-07-20,00:00,04:04,05:05,05:47,21:49,22:30,23:32,00:00
2020-07-19,00:00,04:02,05:04,05:45,21:50,22:32,23:34,00:00
2020-07-18,00:00,03:59,05:02,05:44,21:51,22:33,23:36,00:00
2020-07-17,00:00,03:57,05:01,05:43,21:53,22:35,23:38,00:00
2020-07-16,00:00,03:55,04:59,05:41,21:54,22:36,23:40,00:00
2020-07-15,00:00,03:53,04:58,05:40,21:55,22:37,23:42,00:00
2020-07-14,00:00,03:51,04:56,05:39,21:56,22:38,23:44,00:00
2020-07-13,00:00,03:49,04:55,05:38,21:57,22:40,23:46,00:00
2020-07-12,00:00,03:47,04:53,05:37,21:58,22:41,23:47,00:00
2020-07-11,00:00,03:45,04:52,05:36,21:58,22:42,23:49,00:00
2020-07-10,00:00,03:43,04:51,05:34,21:59,22:43,23:51,00:00
2020-07-09,00:00,03:41,04:50,05:33,22:00,22:44,23:52,00:00
2020-07-08,00:00,03:39,04:48,05:32,22:01,22:45,23:54,00:00
2020-07-07,00:00,03:38,04:47,05:31,22:01,22:46,23:55,00:00
2020-07-06,00:00,03:36,04:46,05:30,22:02,22:46,23:57,00:00
2020-07-05,00:00,03:34,04:45,05:30,22:03,22:47,23:58,00:00
2020-07-04,00:00,03:33,04:44,05:29,22:03,22:48,23:59,00:00
2020-07-03,00:00,03:31,04:43,05:28,22:04,22:48,00:00,00:00
2020-07-02,00:00,03:30,04:42,05:27,22:04,22:49,00:00,00:00
2020-07-01,00:00,03:29,04:41,05:26,22:04,22:49,00:00,00:00
2020-06-30,00:00,03:27,04:40,05:26,22:05,22:50,00:00,00:00
2020-06-29,00:00,03:26,04:40,05:25,22:05,22:50,00:00,00:00
2020-06-28,00:00,03:25,04:39,05:24,22:05,22:51,00:00,00:00
2020-06-27,00:00,03:24,04:38,05:24,22:05,22:51,00:00,00:00
2020-06-26,00:00,03:23,04:38,05:23,22:05,22:51,00:00,00:00
2020-06-25,00:00,03:22,04:37,05:23,22:05,22:51,00:00,00:00
2020-06-24,00:00,03:22,04:37,05:22,22:05,22:51,00:00,00:00
2020-06-23,00:00,03:21,04:36,05:22,22:05,22:51,00:00,00:00
2020-06-22,00:00,03:21,04:36,05:22,22:05,22:51,00:00,00:00
2020-06-21,00:00,03:20,04:36,05:21,22:05,22:51,00:00,00:00
2020-06-20,00:00,03:20,04:36,05:21,22:05,22:51,00:00,00:00
2020-06-19,00:00,03:20,04:35,05:21,22:05,22:50,00:00,00:00
2020-06-18,00:00,03:20,04:35,05:21,22:04,22:50,00:00,00:00
2020-06-17,00:00,03:20,04:35,05:21,22:04,22:50,00:00,00:00
2020-06-16,00:00,03:20,04:35,05:21,22:04,22:49,00:00,00:00
2020-06-15,00:00,03:21,04:35,05:21,22:03,22:49,00:00,00:00
2020-06-14,00:00,03:21,04:35,05:21,22:03,22:48,00:00,00:00
2020-06-13,00:00,03:22,04:36,05:21,22:02,22:47,00:00,00:00
2020-06-12,00:00,03:22,04:36,05:21,22:01,22:47,00:00,00:00
2020-06-11,00:00,03:23,04:36,05:22,22:01,22:46,23:59,00:00
2020-06-10,00:00,03:24,04:37,05:22,22:00,22:45,23:58,00:00
2020-06-09,00:00,03:25,04:37,05:22,21:59,22:44,23:57,00:00
2020-06-08,00:00,03:26,04:38,05:23,21:59,22:43,23:55,00:00
2020-06-07,00:00,03:27,04:38,05:23,21:58,22:42,23:54,00:00
2020-06-06,00:00,03:28,04:39,05:23,21:57,22:41,23:52,00:00
2020-06-05,00:00,03:29,04:40,05:24,21:56,22:40,23:51,00:00
2020-06-04,00:00,03:31,04:41,05:25,21:55,22:39,23:49,00:00
2020-06-03,00:00,03:32,04:41,05:25,21:54,22:38,23:47,00:00
2020-06-02,00:00,03:34,04:42,05:26,21:53,22:37,23:45,00:00
2020-06-01,00:00,03:35,04:43,05:27,21:52,22:35,23:43,00:00
2020-05-31,00:00,03:37,04:44,05:28,21:51,22:34,23:41,00:00
2020-05-30,00:00,03:39,04:45,05:28,21:50,22:33,23:39,00:00
2020-05-29,00:00,03:40,04:46,05:29,21:48,22:31,23:37,00:00
2020-05-28,00:00,03:42,04:47,05:30,21:47,22:30,23:35,00:00
2020-05-27,00:00,03:44,04:49,05:31,21:46,22:29,23:33,00:00
2020-05-26,00:00,03:46,04:50,05:32,21:45,22:27,23:31,00:00
2020-05-25,00:00,03:48,04:51,05:33,21:43,22:26,23:29,00:00
2020-05-24,00:00,03:50,04:53,05:34,21:42,22:24,23:27,00:00
2020-05-23,00:00,03:52,04:54,05:36,21:41,22:22,23:25,00:00
2020-05-22,00:00,03:54,04:55,05:37,21:39,22:21,23:22,00:00
2020-05-21,00:00,03:56,04:57,05:38,21:38,22:19,23:20,00:00
2020-05-20,02:07,03:58,04:58,05:39,21:37,22:18,23:18,00:00
2020-05-19,02:16,04:00,05:00,05:41,21:35,22:16,23:16,00:00
2020-05-18,02:24,04:02,05:01,05:42,21:34,22:14,23:13,00:00
2020-05-17,02:30,04:05,05:03,05:43,21:32,22:13,23:11,00:00
2020-05-16,02:36,04:07,05:05,05:45,21:31,22:11,23:09,00:00
2020-05-15,02:42,04:09,05:06,05:46,21:29,22:09,23:06,00:00
2020-05-14,02:47,04:12,05:08,05:48,21:28,22:07,23:04,00:00
2020-05-13,02:52,04:14,05:10,05:49,21:26,22:06,23:02,00:00
2020-05-12,02:56,04:16,05:12,05:51,21:25,22:04,22:59,00:00
2020-05-11,03:01,04:19,05:14,05:52,21:23,22:02,22:57,00:00
2020-05-10,03:05,04:21,05:15,05:54,21:22,22:00,22:55,00:00
2020-05-09,03:10,04:23,05:17,05:56,21:20,21:58,22:52,00:00
2020-05-08,03:14,04:26,05:19,05:57,21:18,21:57,22:50,00:00
2020-05-07,03:18,04:28,05:21,05:59,21:17,21:55,22:47,23:58
2020-05-06,03:22,04:31,05:23,06:01,21:15,21:53,22:45,23:54
2020-05-05,03:26,04:33,05:25,06:03,21:14,21:51,22:43,23:50
2020-05-04,03:30,04:36,05:27,06:04,21:12,21:49,22:41,23:47
2020-05-03,03:33,04:38,05:29,06:06,21:10,21:47,22:38,23:43
2020-05-02,03:37,04:41,05:31,06:08,21:09,21:45,22:36,23:39
2020-05-01,03:41,04:43,05:33,06:10,21:07,21:44,22:34,23:36
2020-04-30,03:44,04:46,05:35,06:12,21:05,21:42,22:31,23:33
2020-04-29,03:48,04:48,05:37,06:14,21:04,21:40,22:29,23:29
2020-04-28,03:52,04:51,05:40,06:16,21:02,21:38,22:27,23:26
2020-04-27,03:55,04:53,05:42,06:18,21:00,21:36,22:24,23:23
2020-04-26,03:58,04:56,05:44,06:19,20:59,21:34,22:22,23:20
2020-04-25,04:02,04:59,05:46,06:21,20:57,21:32,22:20,23:17
2020-04-24,04:05,05:01,05:48,06:24,20:55,21:31,22:18,23:14
2020-04-23,04:09,05:04,05:50,06:26,20:54,21:29,22:16,23:11
2020-04-22,04:12,05:06,05:53,06:28,20:52,21:27,22:13,23:08
2020-04-21,04:15,05:09,05:55,06:30,20:50,21:25,22:11,23:05
2020-04-20,04:18,05:11,05:57,06:32,20:49,21:23,22:09,23:02
2020-04-19,04:22,05:14,05:59,06:34,20:47,21:21,22:07,22:59
2020-04-18,04:25,05:17,06:02,06:36,20:45,21:20,22:05,22:56
2020-04-17,04:28,05:19,06:04,06:38,20:44,21:18,22:03,22:54
2020-04-16,04:31,05:22,06:06,06:40,20:42,21:16,22:00,22:51
2020-04-15,04:34,05:24,06:09,06:42,20:40,21:14,21:58,22:48
2020-04-14,04:37,05:27,06:11,06:45,20:39,21:12,21:56,22:46
2020-04-13,04:41,05:29,06:13,06:47,20:37,21:10,21:54,22:43
2020-04-12,04:44,05:32,06:15,06:49,20:35,21:09,21:52,22:40
2020-04-11,04:47,05:35,06:18,06:51,20:34,21:07,21:50,22:38
2020-04-10,04:50,05:37,06:20,06:53,20:32,21:05,21:48,22:35
2020-04-09,04:53,05:40,06:22,06:55,20:30,21:03,21:46,22:33
2020-04-08,04:56,05:42,06:25,06:58,20:29,21:01,21:44,22:31
2020-04-07,04:59,05:45,06:27,07:00,20:27,21:00,21:42,22:28
2020-04-06,05:02,05:47,06:29,07:02,20:25,20:58,21:40,22:26
2020-04-05,05:05,05:50,06:32,07:04,20:23,20:56,21:38,22:23
2020-04-04,05:07,05:52,06:34,07:07,20:22,20:54,21:36,22:21
2020-04-03,05:10,05:55,06:36,07:09,20:20,20:53,21:34,22:19
2020-04-02,05:13,05:58,06:39,07:11,20:18,20:51,21:32,22:16
2020-04-01,05:16,06:00,06:41,07:13,20:17,20:49,21:30,22:14
2020-03-31,05:19,06:03,06:44,07:16,20:15,20:47,21:28,22:12
2020-03-30,05:22,06:05,06:46,07:18,20:13,20:46,21:26,22:10
2020-03-29,04:24,05:08,05:48,06:20,19:12,19:44,20:24,21:08
2020-03-28,04:27,05:10,05:51,06:23,19:10,19:42,20:22,21:05
2020-03-27,04:30,05:13,05:53,06:25,19:08,19:40,20:21,21:03
2020-03-26,04:33,05:15,05:55,06:27,19:07,19:39,20:19,21:01
2020-03-25,04:35,05:18,05:58,06:29,19:05,19:37,20:17,20:59
2020-03-24,04:38,05:20,06:00,06:32,19:03,19:35,20:15,20:57
2020-03-23,04:41,05:23,06:02,06:34,19:02,19:33,20:13,20:55
2020-03-22,04:43,05:25,06:05,06:36,19:00,19:32,20:11,20:53
2020-03-21,04:46,05:27,06:07,06:39,18:58,19:30,20:09,20:51
2020-03-20,04:49,05:30,06:09,06:41,18:56,19:28,20:08,20:49
2020-03-19,04:51,05:32,06:12,06:43,18:55,19:26,20:06,20:47
2020-03-18,04:54,05:35,06:14,06:46,18:53,19:25,20:04,20:45
2020-03-17,04:56,05:37,06:16,06:48,18:51,19:23,20:02,20:43
2020-03-16,04:59,05:39,06:19,06:50,18:50,19:21,20:00,20:41
2020-03-15,05:01,05:42,06:21,06:52,18:48,19:20,19:59,20:39
2020-03-14,05:04,05:44,06:23,06:55,18:46,19:18,19:57,20:37
2020-03-13,05:06,05:46,06:25,06:57,18:45,19:16,19:55,20:35
2020-03-12,05:09,05:49,06:28,06:59,18:43,19:14,19:53,20:33
2020-03-11,05:11,05:51,06:30,07:01,18:41,19:13,19:52,20:31
2020-03-10,05:14,05:53,06:32,07:04,18:39,19:11,19:50,20:29
2020-03-09,05:16,05:56,06:34,07:06,18:38,19:09,19:48,20:28
2020-03-08,05:18,05:58,06:37,07:08,18:36,19:07,19:46,20:26
2020-03-07,05:21,06:00,06:39,07:10,18:34,19:06,19:44,20:24
2020-03-06,05:23,06:02,06:41,07:13,18:32,19:04,19:43,20:22
2020-03-05,05:25,06:04,06:43,07:15,18:31,19:02,19:41,20:20
2020-03-04,05:28,06:07,06:45,07:17,18:29,19:01,19:39,20:18
2020-03-03,05:30,06:09,06:48,07:19,18:27,18:59,19:38,20:17
2020-03-02,05:32,06:11,06:50,07:21,18:25,18:57,19:36,20:15
2020-03-01,05:34,06:13,06:52,07:24,18:24,18:55,19:34,20:13
2020-02-29,05:36,06:15,06:54,07:26,18:22,18:54,19:32,20:11
2020-02-28,05:38,06:17,06:56,07:28,18:20,18:52,19:31,20:10
2020-02-27,05:41,06:19,06:58,07:30,18:18,18:50,19:29,20:08
2020-02-26,05:43,06:21,07:00,07:32,18:17,18:49,19:27,20:06
2020-02-25,05:45,06:23,07:02,07:34,18:15,18:47,19:26,20:04
2020-02-24,05:47,06:25,07:04,07:36,18:13,18:45,19:24,20:03
2020-02-23,05:49,06:27,07:06,07:38,18:11,18:43,19:22,20:01
2020-02-22,05:51,06:29,07:08,07:40,18:09,18:42,19:20,19:59
2020-02-21,05:53,06:31,07:10,07:43,18:08,18:40,19:19,19:57
2020-02-20,05:55,06:33,07:12,07:45,18:06,18:38,19:17,19:56
2020-02-19,05:56,06:35,07:14,07:47,18:04,18:36,19:15,19:54
2020-02-18,05:58,06:37,07:16,07:49,18:02,18:35,19:14,19:52
2020-02-17,06:00,06:39,07:18,07:50,18:00,18:33,19:12,19:51
2020-02-16,06:02,06:41,07:20,07:52,17:58,18:31,19:10,19:49
2020-02-15,06:04,06:42,07:22,07:54,17:57,18:30,19:09,19:47
2020-02-14,06:05,06:44,07:23,07:56,17:55,18:28,19:07,19:46
2020-02-13,06:07,06:46,07:25,07:58,17:53,18:26,19:05,19:44
2020-02-12,06:09,06:47,07:27,08:00,17:51,18:24,19:04,19:42
2020-02-11,06:10,06:49,07:29,08:02,17:49,18:23,19:02,19:41
2020-02-10,06:12,06:51,07:30,08:04,17:48,18:21,19:00,19:39
2020-02-09,06:14,06:52,07:32,08:05,17:46,18:19,18:59,19:38
2020-02-08,06:15,06:54,07:34,08:07,17:44,18:17,18:57,19:36
2020-02-07,06:17,06:55,07:35,08:09,17:42,18:16,18:55,19:34
2020-02-06,06:18,06:57,07:37,08:11,17:40,18:14,18:54,19:33
2020-02-05,06:19,06:58,07:38,08:12,17:38,18:12,18:52,19:31
2020-02-04,06:21,07:00,07:40,08:14,17:37,18:11,18:51,19:30
2020-02-03,06:22,07:01,07:41,08:15,17:35,18:09,18:49,19:28
2020-02-02,06:24,07:03,07:43,08:17,17:33,18:07,18:47,19:26
2020-02-01,06:25,07:04,07:44,08:19,17:31,18:06,18:46,19:25
2020-01-31,06:26,07:05,07:46,08:20,17:29,18:04,18:44,19:23
2020-01-30,06:27,07:06,07:47,08:22,17:28,18:02,18:43,19:22
2020-01-29,06:28,07:08,07:48,08:23,17:26,18:01,18:41,19:20
2020-01-28,06:30,07:09,07:50,08:24,17:24,17:59,18:40,19:19
2020-01-27,06:31,07:10,07:51,08:26,17:22,17:57,18:38,19:17
2020-01-26,06:32,07:11,07:52,08:27,17:20,17:56,18:37,19:16
2020-01-25,06:33,07:12,07:53,08:28,17:19,17:54,18:35,19:15
2020-01-24,06:34,07:13,07:54,08:30,17:17,17:52,18:34,19:13
2020-01-23,06:35,07:14,07:55,08:31,17:15,17:51,18:32,19:12
2020-01-22,06:35,07:15,07:56,08:32,17:14,17:49,18:31,19:10
2020-01-21,06:36,07:16,07:57,08:33,17:12,17:48,18:29,19:09
2020-01-20,06:37,07:17,07:58,08:34,17:10,17:46,18:28,19:07
2020-01-19,06:38,07:18,07:59,08:35,17:09,17:45,18:26,19:06
2020-01-18,06:38,07:18,08:00,08:36,17:07,17:43,18:25,19:05
2020-01-17,06:39,07:19,08:01,08:37,17:05,17:42,18:24,19:03
2020-01-16,06:40,07:20,08:02,08:38,17:04,17:40,18:22,19:02
2020-01-15,06:40,07:20,08:02,08:39,17:02,17:39,18:21,19:01
2020-01-14,06:41,07:21,08:03,08:40,17:01,17:37,18:20,19:00
2020-01-13,06:41,07:22,08:04,08:40,16:59,17:36,18:18,18:58
2020-01-12,06:42,07:22,08:04,08:41,16:58,17:35,18:17,18:57
2020-01-11,06:42,07:22,08:05,08:42,16:56,17:33,18:16,18:56
2020-01-10,06:42,07:23,08:05,08:42,16:55,17:32,18:15,18:55
2020-01-09,06:43,07:23,08:06,08:43,16:54,17:31,18:13,18:54
2020-01-08,06:43,07:24,08:06,08:43,16:52,17:30,18:12,18:53
2020-01-07,06:43,07:24,08:06,08:44,16:51,17:28,18:11,18:52
2020-01-06,06:43,07:24,08:07,08:44,16:50,17:27,18:10,18:51
2020-01-05,06:44,07:24,08:07,08:45,16:49,17:26,18:09,18:50
2020-01-04,06:44,07:24,08:07,08:45,16:47,17:25,18:08,18:49
2020-01-03,06:44,07:24,08:07,08:45,16:46,17:24,18:07,18:48
2020-01-02,06:44,07:24,08:07,08:45,16:45,17:23,18:06,18:47
2020-01-01,06:44,07:24,08:07,08:45,16:44,17:22,18:05,18:46
2019-12-31,06:44,07:24,08:07,08:45,16:43,17:21,18:04,18:45
2019-12-30,06:43,07:24,08:07,08:45,16:42,17:20,18:03,18:44
2019-12-29,06:43,07:24,08:07,08:45,16:41,17:19,18:02,18:43
2019-12-28,06:43,07:24,08:07,08:45,16:40,17:19,18:02,18:43
2019-12-27,06:43,07:24,08:07,08:45,16:40,17:18,18:01,18:42
2019-12-26,06:42,07:23,08:07,08:45,16:39,17:17,18:00,18:41
2019-12-25,06:42,07:23,08:06,08:44,16:38,17:16,18:00,18:40
2019-12-24,06:42,07:23,08:06,08:44,16:38,17:16,17:59,18:40
2019-12-23,06:41,07:22,08:05,08:44,16:37,17:15,17:58,18:39
2019-12-22,06:41,07:22,08:05,08:43,16:36,17:15,17:58,18:39
2019-12-21,06:40,07:21,08:05,08:43,16:36,17:14,17:57,18:38
2019-12-20,06:40,07:21,08:04,08:42,16:35,17:14,17:57,18:38
2019-12-19,06:39,07:20,08:03,08:42,16:35,17:13,17:57,18:37
2019-12-18,06:39,07:19,08:03,08:41,16:35,17:13,17:56,18:37
2019-12-17,06:38,07:19,08:02,08:40,16:34,17:13,17:56,18:37
2019-12-16,06:37,07:18,08:01,08:39,16:34,17:12,17:56,18:36
2019-12-15,06:37,07:17,08:01,08:39,16:34,17:12,17:55,18:36
2019-12-14,06:36,07:17,08:00,08:38,16:34,17:12,17:55,18:36
2019-12-13,06:35,07:16,07:59,08:37,16:34,17:12,17:55,18:36
2019-12-12,06:34,07:15,07:58,08:36,16:34,17:12,17:55,18:36
2019-12-11,06:33,07:14,07:57,08:35,16:34,17:12,17:55,18:36
2019-12-10,06:32,07:13,07:56,08:34,16:34,17:12,17:55,18:36
2019-12-09,06:31,07:12,07:55,08:33,16:34,17:12,17:55,18:36
2019-12-08,06:31,07:11,07:54,08:32,16:35,17:12,17:55,18:36
2019-12-07,06:30,07:10,07:53,08:30,16:35,17:13,17:55,18:36
2019-12-06,06:29,07:09,07:52,08:29,16:35,17:13,17:55,18:36
2019-12-05,06:28,07:08,07:51,08:28,16:36,17:13,17:56,18:36
2019-12-04,06:26,07:07,07:49,08:27,16:36,17:13,17:56,18:36
2019-12-03,06:25,07:06,07:48,08:25,16:37,17:14,17:56,18:37
2019-12-02,06:24,07:05,07:47,08:24,16:37,17:14,17:57,18:37
2019-12-01,06:23,07:03,07:46,08:23,16:38,17:15,17:57,18:37
2019-11-30,06:22,07:02,07:44,08:21,16:39,17:15,17:58,18:38
2019-11-29,06:21,07:01,07:43,08:20,16:39,17:16,17:58,18:38
2019-11-28,06:20,07:00,07:42,08:18,16:40,17:17,17:59,18:39
2019-11-27,06:18,06:58,07:40,08:17,16:41,17:17,17:59,18:39
2019-11-26,06:17,06:57,07:39,08:15,16:42,17:18,18:00,18:40
2019-11-25,06:16,06:56,07:38,08:14,16:43,17:19,18:01,18:41
2019-11-24,06:15,06:54,07:36,08:12,16:44,17:20,18:02,18:41
2019-11-23,06:13,06:53,07:35,08:11,16:45,17:21,18:02,18:42
2019-11-22,06:12,06:52,07:33,08:09,16:46,17:22,18:03,18:43
2019-11-21,06:11,06:50,07:32,08:07,16:47,17:23,18:04,18:44
2019-11-20,06:09,06:49,07:30,08:06,16:48,17:24,18:05,18:45
2019-11-19,06:08,06:47,07:29,08:04,16:49,17:25,18:06,18:46
2019-11-18,06:06,06:46,07:27,08:02,16:50,17:26,18:07,18:46
2019-11-17,06:05,06:45,07:26,08:01,16:52,17:27,18:08,18:47
2019-11-16,06:04,06:43,07:24,07:59,16:53,17:28,18:09,18:49
2019-11-15,06:02,06:42,07:22,07:57,16:54,17:29,18:10,18:50
2019-11-14,06:01,06:40,07:21,07:56,16:56,17:31,18:11,18:51
2019-11-13,05:59,06:39,07:19,07:54,16:57,17:32,18:13,18:52
2019-11-12,05:58,06:37,07:18,07:52,16:59,17:33,18:14,18:53
2019-11-11,05:56,06:36,07:16,07:51,17:00,17:35,18:15,18:54
2019-11-10,05:55,06:34,07:14,07:49,17:02,17:36,18:16,18:56
2019-11-09,05:54,06:33,07:13,07:47,17:03,17:38,18:18,18:57
2019-11-08,05:52,06:31,07:11,07:45,17:05,17:39,18:19,18:58
2019-11-07,05:51,06:30,07:10,07:44,17:07,17:41,18:21,19:00
2019-11-06,05:49,06:28,07:08,07:42,17:08,17:42,18:22,19:01
2019-11-05,05:47,06:26,07:06,07:40,17:10,17:44,18:24,19:02
2019-11-04,05:46,06:25,07:05,07:38,17:12,17:45,18:25,19:04
2019-11-03,05:44,06:23,07:03,07:36,17:13,17:47,18:27,19:05
2019-11-02,05:43,06:22,07:01,07:35,17:15,17:49,18:28,19:07
2019-11-01,05:41,06:20,07:00,07:33,17:17,17:50,18:30,19:09
2019-10-31,05:40,06:19,06:58,07:31,17:19,17:52,18:31,19:10
2019-10-30,05:38,06:17,06:56,07:29,17:21,17:54,18:33,19:12
2019-10-29,05:37,06:15,06:55,07:28,17:23,17:56,18:35,19:14
2019-10-28,05:35,06:14,06:53,07:26,17:24,17:57,18:37,19:15
2019-10-27,05:33,06:12,06:51,07:24,17:26,17:59,18:38,19:17
2019-10-26,06:32,07:11,07:50,08:22,18:28,19:01,19:40,20:19
2019-10-25,06:30,07:09,07:48,08:21,18:30,19:03,19:42,20:21
2019-10-24,06:29,07:07,07:46,08:19,18:32,19:05,19:44,20:23
2019-10-23,06:27,07:06,07:45,08:17,18:34,19:07,19:46,20:24
2019-10-22,06:25,07:04,07:43,08:15,18:36,19:09,19:48,20:26
2019-10-21,06:24,07:03,07:41,08:14,18:38,19:11,19:50,20:28
2019-10-20,06:22,07:01,07:40,08:12,18:40,19:13,19:52,20:30
2019-10-19,06:21,06:59,07:38,08:10,18:43,19:15,19:54,20:32
2019-10-18,06:19,06:58,07:36,08:09,18:45,19:17,19:56,20:34
2019-10-17,06:17,06:56,07:35,08:07,18:47,19:19,19:58,20:36
2019-10-16,06:16,06:54,07:33,08:05,18:49,19:21,20:00,20:38
2019-10-15,06:14,06:53,07:31,08:03,18:51,19:23,20:02,20:40
2019-10-14,06:12,06:51,07:30,08:02,18:53,19:25,20:04,20:43
2019-10-13,06:11,06:50,07:28,08:00,18:55,19:27,20:06,20:45
2019-10-12,06:09,06:48,07:27,07:58,18:58,19:29,20:08,20:47
2019-10-11,06:07,06:46,07:25,07:57,19:00,19:31,20:10,20:49
2019-10-10,06:06,06:45,07:23,07:55,19:02,19:34,20:12,20:51
2019-10-09,06:04,06:43,07:22,07:53,19:04,19:36,20:14,20:54
2019-10-08,06:02,06:41,07:20,07:52,19:06,19:38,20:17,20:56
2019-10-07,06:00,06:40,07:18,07:50,19:09,19:40,20:19,20:58
2019-10-06,05:59,06:38,07:17,07:48,19:11,19:42,20:21,21:01
2019-10-05,05:57,06:36,07:15,07:47,19:13,19:45,20:23,21:03
2019-10-04,05:55,06:35,07:13,07:45,19:15,19:47,20:26,21:05
2019-10-03,05:53,06:33,07:12,07:43,19:18,19:49,20:28,21:08
2019-10-02,05:52,06:31,07:10,07:42,19:20,19:51,20:30,21:10
2019-10-01,05:50,06:30,07:09,07:40,19:22,19:54,20:33,21:13
2019-09-30,05:48,06:28,07:07,07:38,19:24,19:56,20:35,21:15
2019-09-29,05:46,06:26,07:05,07:37,19:27,19:58,20:37,21:17
2019-09-28,05:44,06:25,07:04,07:35,19:29,20:01,20:40,21:20
2019-09-27,05:42,06:23,07:02,07:34,19:31,20:03,20:42,21:22
2019-09-26,05:41,06:21,07:00,07:32,19:34,20:05,20:44,21:25
2019-09-25,05:39,06:19,06:59,07:30,19:36,20:08,20:47,21:28
2019-09-24,05:37,06:18,06:57,07:29,19:38,20:10,20:49,21:30
2019-09-23,05:35,06:16,06:55,07:27,19:41,20:12,20:52,21:33
2019-09-22,05:33,06:14,06:54,07:26,19:43,20:15,20:54,21:35
2019-09-21,05:31,06:13,06:52,07:24,19:45,20:17,20:57,21:38
2019-09-20,05:29,06:11,06:51,07:22,19:48,20:19,20:59,21:41
2019-09-19,05:27,06:09,06:49,07:21,19:50,20:22,21:02,21:43
2019-09-18,05:25,06:07,06:47,07:19,19:52,20:24,21:04,21:46
2019-09-17,05:23,06:05,06:46,07:17,19:54,20:26,21:06,21:49
2019-09-16,05:21,06:04,06:44,07:16,19:57,20:29,21:09,21:52
2019-09-15,05:19,06:02,06:42,07:14,19:59,20:31,21:11,21:54
2019-09-14,05:17,06:00,06:41,07:13,20:01,20:33,21:14,21:57
2019-09-13,05:15,05:58,06:39,07:11,20:04,20:36,21:17,22:00
2019-09-12,05:13,05:56,06:37,07:09,20:06,20:38,21:19,22:03
2019-09-11,05:11,05:55,06:36,07:08,20:08,20:41,21:22,22:05
2019-09-10,05:09,05:53,06:34,07:06,20:11,20:43,21:24,22:08
2019-09-09,05:06,05:51,06:32,07:05,20:13,20:45,21:27,22:11
2019-09-08,05:04,05:49,06:31,07:03,20:15,20:48,21:29,22:14
2019-09-07,05:02,05:47,06:29,07:01,20:18,20:50,21:32,22:17
2019-09-06,05:00,05:45,06:27,07:00,20:20,20:52,21:34,22:20
2019-09-05,04:58,05:43,06:25,06:58,20:22,20:55,21:37,22:23
2019-09-04,04:55,05:41,06:24,06:57,20:24,20:57,21:40,22:26
2019-09-03,04:53,05:40,06:22,06:55,20:27,21:00,21:42,22:29
2019-09-02,04:51,05:38,06:20,06:53,20:29,21:02,21:45,22:32
2019-09-01,04:48,05:36,06:19,06:52,20:31,21:04,21:47,22:35
2019-08-31,04:46,05:34,06:17,06:50,20:33,21:07,21:50,22:38
2019-08-30,04:43,05:32,06:15,06:49,20:36,21:09,21:52,22:41
2019-08-29,04:41,05:30,06:13,06:47,20:38,21:11,21:55,22:44
2019-08-28,04:38,05:28,06:12,06:45,20:40,21:14,21:58,22:47
2019-08-27,04:36,05:26,06:10,06:44,20:42,21:16,22:00,22:50
2019-08-26,04:33,05:24,06:08,06:42,20:44,21:18,22:03,22:53
2019-08-25,04:31,05:22,06:07,06:41,20:46,21:21,22:05,22:57
2019-08-24,04:28,05:20,06:05,06:39,20:49,21:23,22:08,23:00
2019-08-23,04:25,05:18,06:03,06:37,20:51,21:25,22:11,23:03
2019-08-22,04:23,05:15,06:01,06:36,20:53,21:27,22:13,23:06
2019-08-21,04:20,05:13,05:59,06:34,20:55,21:30,22:16,23:09
2019-08-20,04:17,05:11,05:58,06:33,20:57,21:32,22:18,23:13
2019-08-19,04:14,05:09,05:56,06:31,20:59,21:34,22:21,23:16
2019-08-18,04:11,05:07,05:54,06:29,21:01,21:36,22:24,23:19
2019-08-17,04:08,05:05,05:52,06:28,21:03,21:39,22:26,23:23
2019-08-16,04:05,05:03,05:51,06:26,21:05,21:41,22:29,23:26
2019-08-15,04:02,05:01,05:49,06:25,21:07,21:43,22:31,23:30
2019-08-14,03:59,04:58,05:47,06:23,21:09,21:45,22:34,23:33
2019-08-13,03:56,04:56,05:45,06:21,21:11,21:47,22:36,23:37
2019-08-12,03:53,04:54,05:43,06:20,21:13,21:50,22:39,23:40
2019-08-11,03:49,04:52,05:42,06:18,21:15,21:52,22:42,23:44
2019-08-10,03:46,04:50,05:40,06:17,21:17,21:54,22:44,23:47
2019-08-09,03:43,04:47,05:38,06:15,21:19,21:56,22:47,23:51
2019-08-08,03:39,04:45,05:36,06:14,21:21,21:58,22:49,23:55
2019-08-07,03:36,04:43,05:35,06:12,21:22,22:00,22:52,23:59
2019-08-06,03:32,04:41,05:33,06:10,21:24,22:02,22:54,00:00
2019-08-05,03:28,04:38,05:31,06:09,21:26,22:04,22:57,00:00
2019-08-04,03:24,04:36,05:29,06:07,21:28,22:06,22:59,00:00
2019-08-03,03:20,04:34,05:27,06:06,21:29,22:08,23:01,00:00
2019-08-02,03:16,04:31,05:26,06:04,21:31,22:10,23:04,00:00
2019-08-01,03:12,04:29,05:24,06:03,21:33,22:12,23:06,00:00
2019-07-31,03:08,04:27,05:22,06:01,21:34,22:13,23:09,00:00
2019-07-30,03:03,04:25,05:20,06:00,21:36,22:15,23:11,00:00
2019-07-29,02:58,04:22,05:19,05:58,21:38,22:17,23:13,00:00
2019-07-28,02:53,04:20,05:17,05:57,21:39,22:19,23:16,00:00
2019-07-27,02:48,04:18,05:15,05:55,21:41,22:20,23:18,00:00
2019-07-26,02:42,04:15,05:14,05:54,21:42,22:22,23:20,00:00
2019-07-25,02:36,04:13,05:12,05:52,21:43,22:24,23:23,00:00
2019-07-24,02:28,04:11,05:10,05:51,21:45,22:25,23:25,00:00
2019-07-23,02:20,04:09,05:09,05:50,21:46,22:27,23:27,00:00
2019-07-22,02:08,04:06,05:07,05:48,21:48,22:29,23:29,00:00
2019-07-21,00:00,04:04,05:06,05:47,21:49,22:30,23:31,00:00
2019-07-20,00:00,04:02,05:04,05:46,21:50,22:32,23:33,00:00
2019-07-19,00:00,04:00,05:02,05:44,21:51,22:33,23:36,00:00
2019-07-18,00:00,03:58,05:01,05:43,21:52,22:34,23:38,00:00
2019-07-17,00:00,03:56,04:59,05:42,21:53,22:36,23:40,00:00
2019-07-16,00:00,03:53,04:58,05:40,21:54,22:37,23:41,00:00
2019-07-15,00:00,03:51,04:57,05:39,21:55,22:38,23:43,00:00
2019-07-14,00:00,03:49,04:55,05:38,21:56,22:39,23:45,00:00
2019-07-13,00:00,03:47,04:54,05:37,21:57,22:40,23:47,00:00
2019-07-12,00:00,03:45,04:52,05:36,21:58,22:42,23:49,00:00
2019-07-11,00:00,03:43,04:51,05:35,21:59,22:43,23:50,00:00
2019-07-10,00:00,03:42,04:50,05:34,22:00,22:44,23:52,00:00
2019-07-09,00:00,03:40,04:49,05:33,22:01,22:44,23:53,00:00
2019-07-08,00:00,03:38,04:48,05:32,22:01,22:45,23:55,00:00
2019-07-07,00:00,03:36,04:46,05:31,22:02,22:46,23:56,00:00
2019-07-06,00:00,03:35,04:45,05:30,22:03,22:47,23:58,00:00
2019-07-05,00:00,03:33,04:44,05:29,22:03,22:48,23:59,00:00
2019-07-04,00:00,03:32,04:43,05:28,22:04,22:48,00:00,00:00
2019-07-03,00:00,03:30,04:42,05:27,22:04,22:49,00:00,00:00
2019-07-02,00:00,03:29,04:41,05:26,22:04,22:49,00:00,00:00
2019-07-01,00:00,03:28,04:41,05:26,22:05,22:50,00:00,00:00
2019-06-30,00:00,03:26,04:40,05:25,22:05,22:50,00:00,00:00
2019-06-29,00:00,03:25,04:39,05:25,22:05,22:50,00:00,00:00
2019-06-28,00:00,03:24,04:39,05:24,22:05,22:51,00:00,00:00
2019-06-27,00:00,03:23,04:38,05:23,22:05,22:51,00:00,00:00
2019-06-26,00:00,03:23,04:37,05:23,22:05,22:51,00:00,00:00
2019-06-25,00:00,03:22,04:37,05:22,22:05,22:51,00:00,00:00
2019-06-24,00:00,03:21,04:36,05:22,22:05,22:51,00:00,00:00
2019-06-23,00:00,03:21,04:36,05:22,22:05,22:51,00:00,00:00
2019-06-22,00:00,03:21,04:36,05:21,22:05,22:51,00:00,00:00
2019-06-21,00:00,03:20,04:36,05:21,22:05,22:51,00:00,00:00
2019-06-20,00:00,03:20,04:35,05:21,22:05,22:50,00:00,00:00
2019-06-19,00:00,03:20,04:35,05:21,22:04,22:50,00:00,00:00
2019-06-18,00:00,03:20,04:35,05:21,22:04,22:50,00:00,00:00
2019-06-17,00:00,03:20,04:35,05:21,22:04,22:49,00:00,00:00
2019-06-16,00:00,03:21,04:35,05:21,22:03,22:49,00:00,00:00
2019-06-15,00:00,03:21,04:35,05:21,22:03,22:48,00:00,00:00
2019-06-14,00:00,03:22,04:36,05:21,22:02,22:48,00:00,00:00
2019-06-13,00:00,03:22,04:36,05:21,22:02,22:47,00:00,00:00
2019-06-12,00:00,03:23,04:36,05:21,22:01,22:46,23:59,00:00
2019-06-11,00:00,03:24,04:37,05:22,22:00,22:45,23:58,00:00
2019-06-10,00:00,03:25,04:37,05:22,22:00,22:44,23:57,00:00
2019-06-09,00:00,03:26,04:38,05:22,21:59,22:44,23:56,00:00
2019-06-08,00:00,03:27,04:38,05:23,21:58,22:43,23:54,00:00
2019-06-07,00:00,03:28,04:39,05:23,21:57,22:42,23:53,00:00
2019-06-06,00:00,03:29,04:40,05:24,21:56,22:40,23:51,00:00
2019-06-05,00:00,03:30,04:40,05:24,21:55,22:39,23:49,00:00
2019-06-04,00:00,03:32,04:41,05:25,21:54,22:38,23:48,00:00
2019-06-03,00:00,03:33,04:42,05:26,21:53,22:37,23:46,00:00
2019-06-02,00:00,03:35,04:43,05:27,21:52,22:36,23:44,00:00
2019-06-01,00:00,03:36,04:44,05:27,21:51,22:34,23:42,00:00
2019-05-31,00:00,03:38,04:45,05:28,21:50,22:33,23:40,00:00
2019-05-30,00:00,03:40,04:46,05:29,21:49,22:32,23:38,00:00
2019-05-29,00:00,03:42,04:47,05:30,21:48,22:30,23:36,00:00
2019-05-28,00:00,03:43,04:48,05:31,21:46,22:29,23:34,00:00
2019-05-27,00:00,03:45,04:50,05:32,21:45,22:27,23:32,00:00
2019-05-26,00:00,03:47,04:51,05:33,21:44,22:26,23:30,00:00
2019-05-25,00:00,03:49,04:52,05:34,21:42,22:24,23:27,00:00
2019-05-24,00:00,03:51,04:54,05:35,21:41,22:23,23:25,00:00
2019-05-23,00:00,03:53,04:55,05:36,21:40,22:21,23:23,00:00
2019-05-22,00:00,03:55,04:56,05:38,21:38,22:20,23:21,00:00
2019-05-21,02:04,03:58,04:58,05:39,21:37,22:18,23:18,00:00
2019-05-20,02:14,04:00,04:59,05:40,21:36,22:16,23:16,00:00
2019-05-19,02:22,04:02,05:01,05:42,21:34,22:15,23:14,00:00
2019-05-18,02:29,04:04,05:03,05:43,21:33,22:13,23:11,00:00
2019-05-17,02:35,04:06,05:04,05:44,21:31,22:11,23:09,00:00
2019-05-16,02:40,04:09,05:06,05:46,21:30,22:09,23:07,00:00
2019-05-15,02:46,04:11,05:08,05:47,21:28,22:08,23:04,00:00
2019-05-14,02:51,04:13,05:10,05:49,21:27,22:06,23:02,00:00
2019-05-13,02:55,04:16,05:11,05:50,21:25,22:04,23:00,00:00
2019-05-12,03:00,04:18,05:13,05:52,21:24,22:02,22:57,00:00
2019-05-11,03:04,04:20,05:15,05:54,21:22,22:01,22:55,00:00
2019-05-10,03:09,04:23,05:17,05:55,21:20,21:59,22:53,00:00
2019-05-09,03:13,04:25,05:19,05:57,21:19,21:57,22:50,00:00
2019-05-08,03:17,04:28,05:21,05:59,21:17,21:55,22:48,23:59
2019-05-07,03:21,04:30,05:23,06:00,21:16,21:53,22:46,23:55
2019-05-06,03:25,04:33,05:25,06:02,21:14,21:51,22:43,23:51
2019-05-05,03:29,04:35,05:27,06:04,21:12,21:50,22:41,23:47
2019-05-04,03:33,04:38,05:29,06:06,21:11,21:48,22:39,23:44
2019-05-03,03:36,04:40,05:31,06:08,21:09,21:46,22:36,23:40
2019-05-02,03:40,04:43,05:33,06:09,21:07,21:44,22:34,23:37
2019-05-01,03:44,04:45,05:35,06:11,21:06,21:42,22:32,23:33
2019-04-30,03:47,04:48,05:37,06:13,21:04,21:40,22:30,23:30
2019-04-29,03:51,04:50,05:39,06:15,21:02,21:39,22:27,23:27
2019-04-28,03:54,04:53,05:41,06:17,21:01,21:37,22:25,23:24
2019-04-27,03:58,04:55,05:43,06:19,20:59,21:35,22:23,23:21
2019-04-26,04:01,04:58,05:46,06:21,20:57,21:33,22:21,23:17
2019-04-25,04:04,05:00,05:48,06:23,20:56,21:31,22:18,23:14
2019-04-24,04:08,05:03,05:50,06:25,20:54,21:29,22:16,23:11
2019-04-23,04:11,05:06,05:52,06:27,20:52,21:27,22:14,23:08
2019-04-22,04:14,05:08,05:54,06:29,20:51,21:26,22:12,23:05
2019-04-21,04:18,05:11,05:57,06:31,20:49,21:24,22:10,23:03
2019-04-20,04:21,05:13,05:59,06:33,20:47,21:22,22:07,23:00
2019-04-19,04:24,05:16,06:01,06:35,20:46,21:20,22:05,22:57
2019-04-18,04:27,05:18,06:03,06:38,20:44,21:18,22:03,22:54
2019-04-17,04:30,05:21,06:06,06:40,20:42,21:16,22:01,22:52
2019-04-16,04:34,05:24,06:08,06:42,20:41,21:15,21:59,22:49
2019-04-15,04:37,05:26,06:10,06:44,20:39,21:13,21:57,22:46
2019-04-14,04:40,05:29,06:13,06:46,20:37,21:11,21:55,22:44
2019-04-13,04:43,05:31,06:15,06:48,20:36,21:09,21:53,22:41
2019-04-12,04:46,05:34,06:17,06:51,20:34,21:07,21:51,22:39
2019-04-11,04:49,05:37,06:20,06:53,20:32,21:05,21:48,22:36
2019-04-10,04:52,05:39,06:22,06:55,20:31,21:04,21:46,22:34
2019-04-09,04:55,05:42,06:24,06:57,20:29,21:02,21:44,22:31
2019-04-08,04:58,05:44,06:27,06:59,20:27,21:00,21:42,22:29
2019-04-07,05:01,05:47,06:29,07:02,20:26,20:58,21:40,22:26
2019-04-06,05:04,05:49,06:31,07:04,20:24,20:57,21:38,22:24
2019-04-05,05:07,05:52,06:34,07:06,20:22,20:55,21:36,22:22
2019-04-04,05:10,05:54,06:36,07:08,20:21,20:53,21:34,22:19
2019-04-03,05:12,05:57,06:38,07:11,20:19,20:51,21:33,22:17
2019-04-02,05:15,05:59,06:41,07:13,20:17,20:49,21:31,22:15
2019-04-01,05:18,06:02,06:43,07:15,20:15,20:48,21:29,22:13
2019-03-31,04:21,05:05,05:45,06:17,19:14,19:46,20:27,21:10
2019-03-30,04:24,05:07,05:48,06:20,19:12,19:44,20:25,21:08
2019-03-29,04:27,05:10,05:50,06:22,19:10,19:42,20:23,21:06
2019-03-28,04:29,05:12,05:52,06:24,19:09,19:41,20:21,21:04
2019-03-27,04:32,05:15,05:55,06:27,19:07,19:39,20:19,21:02
2019-03-26,04:35,05:17,05:57,06:29,19:05,19:37,20:17,21:00
2019-03-25,04:37,05:19,05:59,06:31,19:04,19:35,20:15,20:57
2019-03-24,04:40,05:22,06:02,06:34,19:02,19:34,20:14,20:55
2019-03-23,04:43,05:24,06:04,06:36,19:00,19:32,20:12,20:53
2019-03-22,04:45,05:27,06:06,06:38,18:59,19:30,20:10,20:51
2019-03-21,04:48,05:29,06:09,06:40,18:57,19:29,20:08,20:49
2019-03-20,04:51,05:32,06:11,06:43,18:55,19:27,20:06,20:47
2019-03-19,04:53,05:34,06:13,06:45,18:53,19:25,20:04,20:45
2019-03-18,04:56,05:36,06:16,06:47,18:52,19:23,20:03,20:43
2019-03-17,04:58,05:39,06:18,06:50,18:50,19:22,20:01,20:41
2019-03-16,05:01,05:41,06:20,06:52,18:48,19:20,19:59,20:39
2019-03-15,05:03,05:44,06:23,06:54,18:47,19:18,19:57,20:37
2019-03-14,05:06,05:46,06:25,06:56,18:45,19:16,19:55,20:36
2019-03-13,05:08,05:48,06:27,06:59,18:43,19:15,19:54,20:34
2019-03-12,05:11,05:50,06:29,07:01,18:42,19:13,19:52,20:32
2019-03-11,05:13,05:53,06:32,07:03,18:40,19:11,19:50,20:30
2019-03-10,05:15,05:55,06:34,07:05,18:38,19:10,19:48,20:28
2019-03-09,05:18,05:57,06:36,07:08,18:36,19:08,19:47,20:26
2019-03-08,05:20,06:00,06:38,07:10,18:35,19:06,19:45,20:24
2019-03-07,05:22,06:02,06:40,07:12,18:33,19:04,19:43,20:23
2019-03-06,05:25,06:04,06:43,07:14,18:31,19:03,19:41,20:21
2019-03-05,05:27,06:06,06:45,07:17,18:29,19:01,19:40,20:19
2019-03-04,05:29,06:08,06:47,07:19,18:28,18:59,19:38,20:17
2019-03-03,05:31,06:10,06:49,07:21,18:26,18:58,19:36,20:15
2019-03-02,05:34,06:13,06:51,07:23,18:24,18:56,19:35,20:14
2019-03-01,05:36,06:15,06:53,07:25,18:22,18:54,19:33,20:12
2019-02-28,05:38,06:17,06:55,07:27,18:21,18:52,19:31,20:10
2019-02-27,05:40,06:19,06:58,07:30,18:19,18:51,19:29,20:08
2019-02-26,05:42,06:21,07:00,07:32,18:17,18:49,19:28,20:06
2019-02-25,05:44,06:23,07:02,07:34,18:15,18:47,19:26,20:05
2019-02-24,05:46,06:25,07:04,07:36,18:13,18:46,19:24,20:03
2019-02-23,05:48,06:27,07:06,07:38,18:12,18:44,19:23,20:01
2019-02-22,05:50,06:29,07:08,07:40,18:10,18:42,19:21,20:00
2019-02-21,05:52,06:31,07:10,07:42,18:08,18:40,19:19,19:58
2019-02-20,05:54,06:33,07:12,07:44,18:06,18:39,19:17,19:56
2019-02-19,05:56,06:35,07:14,07:46,18:04,18:37,19:16,19:54
2019-02-18,05:58,06:37,07:15,07:48,18:03,18:35,19:14,19:53
2019-02-17,06:00,06:38,07:17,07:50,18:01,18:33,19:12,19:51
2019-02-16,06:01,06:40,07:19,07:52,17:59,18:32,19:11,19:49
2019-02-15,06:03,06:42,07:21,07:54,17:57,18:30,19:09,19:48
2019-02-14,06:05,06:44,07:23,07:56,17:55,18:28,19:07,19:46
2019-02-13,06:07,06:45,07:25,07:58,17:53,18:26,19:06,19:44
2019-02-12,06:08,06:47,07:26,08:00,17:52,18:25,19:04,19:43
2019-02-11,06:10,06:49,07:28,08:01,17:50,18:23,19:02,19:41
2019-02-10,06:12,06:50,07:30,08:03,17:48,18:21,19:01,19:40
2019-02-09,06:13,06:52,07:32,08:05,17:46,18:20,18:59,19:38
2019-02-08,06:15,06:54,07:33,08:07,17:44,18:18,18:58,19:36
2019-02-07,06:16,06:55,07:35,08:08,17:42,18:16,18:56,19:35
2019-02-06,06:18,06:57,07:36,08:10,17:41,18:14,18:54,19:33
2019-02-05,06:19,06:58,07:38,08:12,17:39,18:13,18:53,19:32
2019-02-04,06:21,07:00,07:39,08:13,17:37,18:11,18:51,19:30
2019-02-03,06:22,07:01,07:41,08:15,17:35,18:09,18:49,19:28
2019-02-02,06:23,07:02,07:42,08:17,17:33,18:08,18:48,19:27
2019-02-01,06:24,07:04,07:44,08:18,17:32,18:06,18:46,19:25
2019-01-31,06:26,07:05,07:45,08:20,17:30,18:04,18:45,19:24
2019-01-30,06:27,07:06,07:47,08:21,17:28,18:03,18:43,19:22
2019-01-29,06:28,07:07,07:48,08:23,17:26,18:01,18:42,19:21
2019-01-28,06:29,07:09,07:49,08:24,17:24,17:59,18:40,19:19
2019-01-27,06:30,07:10,07:50,08:25,17:23,17:58,18:38,19:18
2019-01-26,06:31,07:11,07:52,08:27,17:21,17:56,18:37,19:16
2019-01-25,06:32,07:12,07:53,08:28,17:19,17:54,18:35,19:15
2019-01-24,06:33,07:13,07:54,08:29,17:17,17:53,18:34,19:13
2019-01-23,06:34,07:14,07:55,08:31,17:16,17:51,18:32,19:12
2019-01-22,06:35,07:15,07:56,08:32,17:14,17:50,18:31,19:11
2019-01-21,06:36,07:16,07:57,08:33,17:12,17:48,18:29,19:09
2019-01-20,06:37,07:17,07:58,08:34,17:11,17:47,18:28,19:08
2019-01-19,06:38,07:17,07:59,08:35,17:09,17:45,18:27,19:06
2019-01-18,06:38,07:18,08:00,08:36,17:07,17:44,18:25,19:05
2019-01-17,06:39,07:19,08:01,08:37,17:06,17:42,18:24,19:04
2019-01-16,06:40,07:20,08:01,08:38,17:04,17:41,18:22,19:03
2019-01-15,06:40,07:20,08:02,08:39,17:03,17:39,18:21,19:01
2019-01-14,06:41,07:21,08:03,08:40,17:01,17:38,18:20,19:00
2019-01-13,06:41,07:21,08:04,08:40,17:00,17:36,18:19,18:59
2019-01-12,06:42,07:22,08:04,08:41,16:58,17:35,18:17,18:58
2019-01-11,06:42,07:22,08:05,08:42,16:57,17:34,18:16,18:56
2019-01-10,06:42,07:23,08:05,08:42,16:55,17:32,18:15,18:55
2019-01-09,06:43,07:23,08:06,08:43,16:54,17:31,18:14,18:54
2019-01-08,06:43,07:23,08:06,08:43,16:53,17:30,18:12,18:53
2019-01-07,06:43,07:24,08:06,08:44,16:51,17:29,18:11,18:52
2019-01-06,06:43,07:24,08:07,08:44,16:50,17:28,18:10,18:51
2019-01-05,06:44,07:24,08:07,08:44,16:49,17:26,18:09,18:50
2019-01-04,06:44,07:24,08:07,08:45,16:48,17:25,18:08,18:49
2019-01-03,06:44,07:24,08:07,08:45,16:47,17:24,18:07,18:48
2019-01-02,06:44,07:24,08:07,08:45,16:45,17:23,18:06,18:47
2019-01-01,06:44,07:24,08:07,08:45,16:44,17:22,18:05,18:46
